000010
000011
000014
000025
000042
000043
000055
000151
000153
000408
000514
000517
000520
000521
000523
000529
000573
000606
000609
000616
000626
000628
000632
000718
000753
000780
000798
000838
000861
000876
000882
000908
000918
000929
000952
000972
002044
002051
002063
002066
002102
002133
002172
002177
002183
002195
002208
002223
002225
002235
002276
002279
002325
002362
002385
002461
002462
002550
002559
002562
002602
002615
002657
002679
002695
002713
002716
002769
002786
002788
002797
002830
600033
600068
600085
600093
600103
600106
600122
600132
600159
600170
600189
600191
600210
600220
600223
600240
600251
600266
600299
600322
600327
600350
600371
600393
600468
600510
600523
600570
600589
600604
600673
600683
600713
600716
600728
600737
600766
600784
600787
600800
600828
600858
600993
601186
601390
601518
601669
601890
601999
603011
603077
603186
603266
603299
603366
603663
603866
603899
