002118
002491
002507
002737
600521
600566
000613
603788
002529
002550
002589
600602
601799
002741
002332
002038
600211
000938
002139
002632
002383
600171
600874
603989
002281
002627
002405
600085
000860
002242
002313
000818
002279
000567
002373
002640
600183
600410
600707
000738
002063
600498
601877
603678
002180
002270
002470
000813
002156
002185
002602
002690
002707
000729
002614
002654
002668
002719
000016
002019
002232
600392
600572
603616
603688
000002
000007
000429
000736
000961
002016
002240
002459
002466
600239
600246
600260
600600
600727
600890
