000049
000078
000159
000409
000422
000565
000582
000596
000620
000635
000668
000676
000679
000715
000791
000816
000819
000836
000859
000875
000911
000921
000966
000982
000989
000993
002031
002046
002200
002229
002250
002356
002381
002414
002443
002447
002471
002476
002490
002537
002561
002610
002623
002680
002705
002708
002753
002805
002825
600018
600073
600077
600080
600094
600119
600152
600163
600199
600278
600284
600291
600300
600307
600310
600382
600399
600422
600433
600436
600493
600503
600506
600530
600555
600559
600611
600626
600630
600639
600649
600653
600678
600689
600692
600704
600723
600726
600744
600779
600805
600809
600822
600824
600827
600836
600838
600848
600871
600876
600879
600881
600883
600889
600895
601179
601229
601872
603002
603003
603006
603015
603036
603039
603113
603116
603128
603198
603288
603320
603606
603639
603798
603811
603968
603979
603998
