000005
000059
000068
000069
000090
000402
000415
000488
000525
000537
000554
000611
000636
000667
000672
000685
000690
000708
000777
000822
000825
000877
000885
000890
000898
000931
000937
000959
000965
002018
002045
002062
002067
002092
002109
002140
002165
002170
002179
002243
002274
002286
002391
002496
002501
002516
002577
002588
002612
002778
002783
002802
600019
600020
600052
600064
600075
600078
600096
600153
600177
600185
600269
600282
600368
600395
600409
600449
600467
600470
600486
600551
600567
600582
600586
600590
600606
600628
600665
600668
600708
600720
600727
600743
600757
600802
600811
600823
600987
601001
601225
601339
601633
601727
601799
601898
601929
603023
603311
603360
603618
603879
603966
