000009
000012
000046
000061
000062
000088
000099
000413
000430
000501
000506
000530
000543
000558
000589
000600
000605
000650
000665
000687
000700
000707
000709
000767
000776
000778
000833
000835
000837
000856
000862
000897
000910
000919
000923
000932
000958
000975
001896
002002
002006
002007
002011
002015
002017
002030
002040
002059
002089
002105
002108
002135
002158
002161
002162
002176
002181
002186
002187
002205
002242
002256
002282
002300
002307
002310
002319
002337
002342
002343
002373
002386
002388
002392
002395
002401
002406
002409
002421
002424
002426
002431
002454
002457
002460
002479
002482
002483
002487
002494
002526
002528
002534
002541
002542
002546
002566
002574
002613
002616
002639
002640
002644
002651
002652
002668
002681
002682
002755
002758
002793
002818
002856
600008
600017
600039
600063
600066
600067
600113
600127
600133
600135
600155
600158
600173
600190
600192
600221
600233
600246
600260
600279
600287
600359
600376
600380
600385
600396
600439
600462
600463
600476
600477
600480
600481
600488
600490
600496
600502
600507
600513
600550
600561
600565
600618
600624
600629
600676
600706
600717
600722
600724
600730
600791
600846
600868
600894
600908
600909
600975
600983
601007
601107
601118
601128
601137
601188
601258
601515
601616
601717
601718
601789
601801
601886
601919
601965
601992
603026
603029
603031
603050
603098
603099
603123
603126
603166
603239
603323
603328
603385
603389
603416
603569
603579
603603
603616
603628
603698
603799
603818
603969
