# 代码， 名称， 跌破sma, 突破sma, 跌到， 涨到， 跌幅， 涨幅
#### 汽车
#600297, 广汇汽车,  ,  ,04.60,  , -2,  ,
#600000,         ,  ,  ,  ,  ,  ,  ,

#### 环保
#000826,         ,10,  ,  ,  ,  ,  ,

#### 医药
600299,         , ,  , 10.60, 11.40,  , 2,

#### 有色
#600497,         ,10,  ,  ,  , -2, 2,


#yyyy-mm-dd
600004, 白云机场,  ,  ,00.00,00.00, , ,
600009, 上海机场,  ,  ,00.00,00.00, , ,
600018, 上港集团,  ,  ,00.00,00.00, , ,
600025, 华能水电,  ,  ,00.00,00.00, , ,
600029, 南方航空,  ,  ,00.00,00.00, , ,
600055, 万东医疗,  ,  ,00.00,00.00, , ,
600061, 国投资本,  ,  ,00.00,00.00, , ,
600064, 南京高科,  ,  ,00.00,00.00, , ,
600069, 银鸽投资,  ,  ,00.00,00.00, , ,
600070, 浙江富润,  ,  ,00.00,00.00, , ,
600072, 中船科技,  ,  ,00.00,00.00, , ,
600074,*ST保千,  ,  ,00.00,00.00, , ,
600080, 金花股份,  ,  ,00.00,00.00, , ,
600081, 东风科技,  ,  ,00.00,00.00, , ,
600082, 海泰发展,  ,  ,00.00,00.00, , ,
600084, 中葡股份,  ,  ,00.00,00.00, , ,
600093, 易见股份,  ,  ,00.00,00.00, , ,
600100, 同方股份,  ,  ,00.00,00.00, , ,
600107,  美尔雅,  ,  ,00.00,00.00, , ,
600114, 东睦股份,  ,  ,00.00,00.00, , ,
600115, 东方航空,  ,  ,00.00,00.00, , ,
600119, 长江投资,  ,  ,00.00,00.00, , ,
600122, 宏图高科,  ,  ,00.00,00.00, , ,
600128, 弘业股份,  ,  ,00.00,00.00, , ,
600130, 波导股份,  ,  ,00.00,00.00, , ,
600136, 当代明诚,  ,  ,00.00,00.00, , ,
600139, 西部资源,  ,  ,00.00,00.00, , ,
600146, 商赢环球,  ,  ,00.00,00.00, , ,
600156, 华升股份,  ,  ,00.00,00.00, , ,
600158, 中体产业,  ,  ,00.00,00.00, , ,
600171, 上海贝岭,  ,  ,00.00,00.00, , ,
600178, 东安动力,  ,  ,00.00,00.00, , ,
600179, 安通控股,  ,  ,00.00,00.00, , ,
600191, 华资实业,  ,  ,00.00,00.00, , ,
600192, 长城电工,  ,  ,00.00,00.00, , ,
600193,*ST创兴,  ,  ,00.00,00.00, , ,
600197,  伊力特,  ,  ,00.00,00.00, , ,
600198,*ST大唐,  ,  ,00.00,00.00, , ,
600200, 江苏吴中,  ,  ,00.00,00.00, , ,
600202,*ST哈空,  ,  ,00.00,00.00, , ,
600208, 新湖中宝,  ,  ,00.00,00.00, , ,
600212, 江泉实业,  ,  ,00.00,00.00, , ,
600218, 全柴动力,  ,  ,00.00,00.00, , ,
600221, 海航控股,  ,  ,00.00,00.00, , ,
600222, 太龙药业,  ,  ,00.00,00.00, , ,
600226, 瀚叶股份,  ,  ,00.00,00.00, , ,
600235, 民丰特纸,  ,  ,00.00,00.00, , ,
600258, 首旅酒店,  ,  ,00.00,00.00, , ,
600268, 国电南自,  ,  ,00.00,00.00, , ,
600276, 恒瑞医药,  ,  ,00.00,00.00, , ,
600278, 东方创业,  ,  ,00.00,00.00, , ,
600279, 重庆港九,  ,  ,00.00,00.00, , ,
600283, 钱江水利,  ,  ,00.00,00.00, , ,
600284, 浦东建设,  ,  ,00.00,00.00, , ,
600288, 大恒科技,  ,  ,00.00,00.00, , ,
600290, 华仪电气,  ,  ,00.00,00.00, , ,
600312, 平高电气,  ,  ,00.00,00.00, , ,
600316, 洪都航空,  ,  ,00.00,00.00, , ,
600343, 航天动力,  ,  ,00.00,00.00, , ,
600351, 亚宝药业,  ,  ,00.00,00.00, , ,
600368, 五洲交通,  ,  ,00.00,00.00, , ,
600369, 西南证券,  ,  ,00.00,00.00, , ,
600373, 中文传媒,  ,  ,00.00,00.00, , ,
600375, 华菱星马,  ,  ,00.00,00.00, , ,
600381, 青海春天,  ,  ,00.00,00.00, , ,
600383, 金地集团,  ,  ,00.00,00.00, , ,
600386, 北巴传媒,  ,  ,00.00,00.00, , ,
600388, 龙净环保,  ,  ,00.00,00.00, , ,
600391, 航发科技,  ,  ,00.00,00.00, , ,
600396, 金山股份,  ,  ,00.00,00.00, , ,
600399,*ST抚钢,  ,  ,00.00,00.00, , ,
600408,*ST安泰,  ,  ,00.00,00.00, , ,
600410, 华胜天成,  ,  ,00.00,00.00, , ,
600416, 湘电股份,  ,  ,00.00,00.00, , ,
600428, 中远海特,  ,  ,00.00,00.00, , ,
600435, 北方导航,  ,  ,00.00,00.00, , ,
600448, 华纺股份,  ,  ,00.00,00.00, , ,
600455, 博通股份,  ,  ,00.00,00.00, , ,
600460,  士兰微,  ,  ,00.00,00.00, , ,
600462, ST九有,  ,  ,00.00,00.00, , ,
600463, 空港股份,  ,  ,00.00,00.00, , ,
600476, 湘邮科技,  ,  ,00.00,00.00, , ,
600478,  科力远,  ,  ,00.00,00.00, , ,
600480, 凌云股份,  ,  ,00.00,00.00, , ,
600503, 华丽家族,  ,  ,00.00,00.00, , ,
600506, 香梨股份,  ,  ,00.00,00.00, , ,
600518, 康美药业,  ,  ,00.00,00.00, , ,
600520, 文一科技,  ,  ,00.00,00.00, , ,
600523, 贵航股份,  ,  ,00.00,00.00, , ,
600529, 山东药玻,  ,  ,00.00,00.00, , ,
600530, 交大昂立,  ,  ,00.00,00.00, , ,
600539,*ST狮头,  ,  ,00.00,00.00, , ,
600550, 保变电气,  ,  ,00.00,00.00, , ,
600561, 江西长运,  ,  ,00.00,00.00, , ,
600562, 国睿科技,  ,  ,00.00,00.00, , ,
600573, 惠泉啤酒,  ,  ,00.00,00.00, , ,
600584, 长电科技,  ,  ,00.00,00.00, , ,
600588, 用友网络,  ,  ,00.00,00.00, , ,
600590, 泰豪科技,  ,  ,00.00,00.00, , ,
600604, 市北高新,  ,  ,00.00,00.00, , ,
600608, ST沪科,  ,  ,00.00,00.00, , ,
600611, 大众交通,  ,  ,00.00,00.00, , ,
600613, 神奇制药,  ,  ,00.00,00.00, , ,
600615, 丰华股份,  ,  ,00.00,00.00, , ,
600621, 华鑫股份,  ,  ,00.00,00.00, , ,
600622, 光大嘉宝,  ,  ,00.00,00.00, , ,
600624, 复旦复华,  ,  ,00.00,00.00, , ,
600630, 龙头股份,  ,  ,00.00,00.00, , ,
600633, 浙数文化,  ,  ,00.00,00.00, , ,
600635, 大众公用,  ,  ,00.00,00.00, , ,
600638,  新黄浦,  ,  ,00.00,00.00, , ,
600639, 浦东金桥,  ,  ,00.00,00.00, , ,
600640, 号百控股,  ,  ,00.00,00.00, , ,
600641, 万业企业,  ,  ,00.00,00.00, , ,
600647, 同达创业,  ,  ,00.00,00.00, , ,
600648,  外高桥,  ,  ,00.00,00.00, , ,
600649, 城投控股,  ,  ,00.00,00.00, , ,
600650, 锦江投资,  ,  ,00.00,00.00, , ,
600651, 飞乐音响,  ,  ,00.00,00.00, , ,
600652, 游久游戏,  ,  ,00.00,00.00, , ,
600657, 信达地产,  ,  ,00.00,00.00, , ,
600658,  电子城,  ,  ,00.00,00.00, , ,
600663,  陆家嘴,  ,  ,00.00,00.00, , ,
600666,  奥瑞德,  ,  ,00.00,00.00, , ,
600667, 太极实业,  ,  ,00.00,00.00, , ,
600676, 交运股份,  ,  ,00.00,00.00, , ,
600677, 航天通信,  ,  ,00.00,00.00, , ,
600679, 上海凤凰,  ,  ,00.00,00.00, , ,
600682, 南京新百,  ,  ,00.00,00.00, , ,
600683, 京投发展,  ,  ,00.00,00.00, , ,
600692, 亚通股份,  ,  ,00.00,00.00, , ,
600695, 绿庭投资,  ,  ,00.00,00.00, , ,
600697, 欧亚集团,  ,  ,00.00,00.00, , ,
600701,*ST工新,  ,  ,00.00,00.00, , ,
600703, 三安光电,  ,  ,00.00,00.00, , ,
600705, 中航资本,  ,  ,00.00,00.00, , ,
600708, 光明地产,  ,  ,00.00,00.00, , ,
600712, 南宁百货,  ,  ,00.00,00.00, , ,
600716, 凤凰股份,  ,  ,00.00,00.00, , ,
600717,  天津港,  ,  ,00.00,00.00, , ,
600718, 东软集团,  ,  ,00.00,00.00, , ,
600719, 大连热电,  ,  ,00.00,00.00, , ,
600728, 佳都科技,  ,  ,00.00,00.00, , ,
600730, 中国高科,  ,  ,00.00,00.00, , ,
600734, 实达集团,  ,  ,00.00,00.00, , ,
600735,  新华锦,  ,  ,00.00,00.00, , ,
600736, 苏州高新,  ,  ,00.00,00.00, , ,
600738, 兰州民百,  ,  ,00.00,00.00, , ,
600744, 华银电力,  ,  ,00.00,00.00, , ,
600745, 闻泰科技,  ,  ,00.00,00.00, , ,
600751, 海航科技,  ,  ,00.00,00.00, , ,
600753, 东方银星,  ,  ,00.00,00.00, , ,
600756, 浪潮软件,  ,  ,00.00,00.00, , ,
600766, 园城黄金,  ,  ,00.00,00.00, , ,
600770, 综艺股份,  ,  ,00.00,00.00, , ,
600775, 南京熊猫,  ,  ,00.00,00.00, , ,
600783, 鲁信创投,  ,  ,00.00,00.00, , ,
600787, 中储股份,  ,  ,00.00,00.00, , ,
600797, 浙大网新,  ,  ,00.00,00.00, , ,
600818, 中路股份,  ,  ,00.00,00.00, , ,
600819, 耀皮玻璃,  ,  ,00.00,00.00, , ,
600822, 上海物贸,  ,  ,00.00,00.00, , ,
600825, 新华传媒,  ,  ,00.00,00.00, , ,
600826, 兰生股份,  ,  ,00.00,00.00, , ,
600833, 第一医药,  ,  ,00.00,00.00, , ,
600837, 海通证券,  ,  ,00.00,00.00, , ,
600846, 同济科技,  ,  ,00.00,00.00, , ,
600848, 上海临港,  ,  ,00.00,00.00, , ,
600850, 华东电脑,  ,  ,00.00,00.00, , ,
600859,  王府井,  ,  ,00.00,00.00, , ,
600860, 京城股份,  ,  ,00.00,00.00, , ,
600862, 中航高科,  ,  ,00.00,00.00, , ,
600864, 哈投股份,  ,  ,00.00,00.00, , ,
600867, 通化东宝,  ,  ,00.00,00.00, , ,
600871,*ST油服,  ,  ,00.00,00.00, , ,
600874, 创业环保,  ,  ,00.00,00.00, , ,
600885, 宏发股份,  ,  ,00.00,00.00, , ,
600887, 伊利股份,  ,  ,00.00,00.00, , ,
600895, 张江高科,  ,  ,00.00,00.00, , ,
600909, 华安证券,  ,  ,00.00,00.00, , ,
600958, 东方证券,  ,  ,00.00,00.00, , ,
600962, 国投中鲁,  ,  ,00.00,00.00, , ,
600967, 内蒙一机,  ,  ,00.00,00.00, , ,
600969, 郴电国际,  ,  ,00.00,00.00, , ,
600978, 宜华生活,  ,  ,00.00,00.00, , ,
600981, 汇鸿集团,  ,  ,00.00,00.00, , ,
600986, 科达股份,  ,  ,00.00,00.00, , ,
600990, 四创电子,  ,  ,00.00,00.00, , ,
600996, 贵广网络,  ,  ,00.00,00.00, , ,
601021, 春秋航空,  ,  ,00.00,00.00, , ,
601066, 中信建投,  ,  ,00.00,00.00, , ,
601068, 中铝国际,  ,  ,00.00,00.00, , ,
601099,  太平洋,  ,  ,00.00,00.00, , ,
601108, 财通证券,  ,  ,00.00,00.00, , ,
601111, 中国国航,  ,  ,00.00,00.00, , ,
601162, 天风证券,  ,  ,00.00,00.00, , ,
601177, 杭齿前进,  ,  ,00.00,00.00, , ,
601311, 骆驼股份,  ,  ,00.00,00.00, , ,
601319, 中国人保,  ,  ,00.00,00.00, , ,
601375, 中原证券,  ,  ,00.00,00.00, , ,
601377, 兴业证券,  ,  ,00.00,00.00, , ,
601500, 通用股份,  ,  ,00.00,00.00, , ,
601519,  大智慧,  ,  ,00.00,00.00, , ,
601599, 鹿港文化,  ,  ,00.00,00.00, , ,
601633, 长城汽车,  ,  ,00.00,00.00, , ,
601688, 华泰证券,  ,  ,00.00,00.00, , ,
601689, 拓普集团,  ,  ,00.00,00.00, , ,
601700, 风范股份,  ,  ,00.00,00.00, , ,
601788, 光大证券,  ,  ,00.00,00.00, , ,
601858, 中国科传,  ,  ,00.00,00.00, , ,
601866, 中远海发,  ,  ,00.00,00.00, , ,
601878, 浙商证券,  ,  ,00.00,00.00, , ,
601881, 中国银河,  ,  ,00.00,00.00, , ,
601908,  京运通,  ,  ,00.00,00.00, , ,
601919, 中远海控,  ,  ,00.00,00.00, , ,
601949, 中国出版,  ,  ,00.00,00.00, , ,
601990, 南京证券,  ,  ,00.00,00.00, , ,
603005, 晶方科技,  ,  ,00.00,00.00, , ,
603006, 联明股份,  ,  ,00.00,00.00, , ,
603007, 花王股份,  ,  ,00.00,00.00, , ,
603009, 北特科技,  ,  ,00.00,00.00, , ,
603019, 中科曙光,  ,  ,00.00,00.00, , ,
603021, 山东华鹏,  ,  ,00.00,00.00, , ,
603027, 千禾味业,  ,  ,00.00,00.00, , ,
603032, 德新交运,  ,  ,00.00,00.00, , ,
603042, 华脉科技,  ,  ,00.00,00.00, , ,
603063, 禾望电气,  ,  ,00.00,00.00, , ,
603081, 大丰实业,  ,  ,00.00,00.00, , ,
603083, 剑桥科技,  ,  ,00.00,00.00, , ,
603103, 横店影视,  ,  ,00.00,00.00, , ,
603108, 润达医疗,  ,  ,00.00,00.00, , ,
603131, 上海沪工,  ,  ,00.00,00.00, , ,
603138, 海量数据,  ,  ,00.00,00.00, , ,
603160, 汇顶科技,  ,  ,00.00,00.00, , ,
603169, 兰石重装,  ,  ,00.00,00.00, , ,
603181, 皇马科技,  ,  ,00.00,00.00, , ,
603189, 网达软件,  ,  ,00.00,00.00, , ,
603197, 保隆科技,  ,  ,00.00,00.00, , ,
603208, 江山欧派,  ,  ,00.00,00.00, , ,
603228, 景旺电子,  ,  ,00.00,00.00, , ,
603232, 格尔软件,  ,  ,00.00,00.00, , ,
603233,  大参林,  ,  ,00.00,00.00, , ,
603258, 电魂网络,  ,  ,00.00,00.00, , ,
603289, 泰瑞机器,  ,  ,00.00,00.00, , ,
603297, 永新光学,  ,  ,00.00,00.00, , ,
603305, 旭升股份,  ,  ,00.00,00.00, , ,
603313,  梦百合,  ,  ,00.00,00.00, , ,
603315, 福鞍股份,  ,  ,00.00,00.00, , ,
603328, 依顿电子,  ,  ,00.00,00.00, , ,
603329, 上海雅仕,  ,  ,00.00,00.00, , ,
603335,  迪生力,  ,  ,00.00,00.00, , ,
603358, 华达科技,  ,  ,00.00,00.00, , ,
603363, 傲农生物,  ,  ,00.00,00.00, , ,
603387, 基蛋生物,  ,  ,00.00,00.00, , ,
603388, 元成股份,  ,  ,00.00,00.00, , ,
603389, 亚振家居,  ,  ,00.00,00.00, , ,
603393, 新天然气,  ,  ,00.00,00.00, , ,
603396, 金辰股份,  ,  ,00.00,00.00, , ,
603416, 信捷电气,  ,  ,00.00,00.00, , ,
603421, 鼎信通讯,  ,  ,00.00,00.00, , ,
603429, 集友股份,  ,  ,00.00,00.00, , ,
603444,  吉比特,  ,  ,00.00,00.00, , ,
603486,  科沃斯,  ,  ,00.00,00.00, , ,
603496, 恒为科技,  ,  ,00.00,00.00, , ,
603499, 翔港科技,  ,  ,00.00,00.00, , ,
603500, 祥和实业,  ,  ,00.00,00.00, , ,
603501, 韦尔股份,  ,  ,00.00,00.00, , ,
603507, 振江股份,  ,  ,00.00,00.00, , ,
603528, 多伦科技,  ,  ,00.00,00.00, , ,
603533, 掌阅科技,  ,  ,00.00,00.00, , ,
603535, 嘉诚国际,  ,  ,00.00,00.00, , ,
603559, 中通国脉,  ,  ,00.00,00.00, , ,
603569, 长久物流,  ,  ,00.00,00.00, , ,
603577,  汇金通,  ,  ,00.00,00.00, , ,
603579, 荣泰健康,  ,  ,00.00,00.00, , ,
603595, 东尼电子,  ,  ,00.00,00.00, , ,
603611, 诺力股份,  ,  ,00.00,00.00, , ,
603616, 韩建河山,  ,  ,00.00,00.00, , ,
603619, 中曼石油,  ,  ,00.00,00.00, , ,
603626, 科森科技,  ,  ,00.00,00.00, , ,
603633, 徕木股份,  ,  ,00.00,00.00, , ,
603636, 南威软件,  ,  ,00.00,00.00, , ,
603637, 镇海股份,  ,  ,00.00,00.00, , ,
603648, 畅联股份,  ,  ,00.00,00.00, , ,
603663, 三祥新材,  ,  ,00.00,00.00, , ,
603678, 火炬电子,  ,  ,00.00,00.00, , ,
603679, 华体科技,  ,  ,00.00,00.00, , ,
603690, 至纯科技,  ,  ,00.00,00.00, , ,
603696, 安记食品,  ,  ,00.00,00.00, , ,
603707, 健友股份,  ,  ,00.00,00.00, , ,
603708,  家家悦,  ,  ,00.00,00.00, , ,
603717, 天域生态,  ,  ,00.00,00.00, , ,
603729, 龙韵股份,  ,  ,00.00,00.00, , ,
603733, 仙鹤股份,  ,  ,00.00,00.00, , ,
603738, 泰晶科技,  ,  ,00.00,00.00, , ,
603776,  永安行,  ,  ,00.00,00.00, , ,
603801, 志邦家居,  ,  ,00.00,00.00, , ,
603803, 瑞斯康达,  ,  ,00.00,00.00, , ,
603813, 原尚股份,  ,  ,00.00,00.00, , ,
603816, 顾家家居,  ,  ,00.00,00.00, , ,
603817, 海峡环保,  ,  ,00.00,00.00, , ,
603818, 曲美家居,  ,  ,00.00,00.00, , ,
603825, 华扬联众,  ,  ,00.00,00.00, , ,
603833, 欧派家居,  ,  ,00.00,00.00, , ,
603843, 正平股份,  ,  ,00.00,00.00, , ,
603869, 新智认知,  ,  ,00.00,00.00, , ,
603871, 嘉友国际,  ,  ,00.00,00.00, , ,
603881,  数据港,  ,  ,00.00,00.00, , ,
603885, 吉祥航空,  ,  ,00.00,00.00, , ,
603898,  好莱客,  ,  ,00.00,00.00, , ,
603912,  佳力图,  ,  ,00.00,00.00, , ,
603916,  苏博特,  ,  ,00.00,00.00, , ,
603918, 金桥信息,  ,  ,00.00,00.00, , ,
603929, 亚翔集成,  ,  ,00.00,00.00, , ,
603936, 博敏电子,  ,  ,00.00,00.00, , ,
603960, 克来机电,  ,  ,00.00,00.00, , ,
603969, 银龙股份,  ,  ,00.00,00.00, , ,
603978, 深圳新星,  ,  ,00.00,00.00, , ,
603985, 恒润股份,  ,  ,00.00,00.00, , ,
603986, 兆易创新,  ,  ,00.00,00.00, , ,
603988, 中电电机,  ,  ,00.00,00.00, , ,
603990, 麦迪科技,  ,  ,00.00,00.00, , ,
603999, 读者传媒,  ,  ,00.00,00.00, , ,
000007,  全新好,  ,  ,00.00,00.00, , ,
000008, 神州高铁,  ,  ,00.00,00.00, , ,
000009, 中国宝安,  ,  ,00.00,00.00, , ,
000018, 神州长城,  ,  ,00.00,00.00, , ,
000021,  深科技,  ,  ,00.00,00.00, , ,
000035, 中国天楹,  ,  ,00.00,00.00, , ,
000037, 深南电A,  ,  ,00.00,00.00, , ,
000049, 德赛电池,  ,  ,00.00,00.00, , ,
000066, 中国长城,  ,  ,00.00,00.00, , ,
000070, 特发信息,  ,  ,00.00,00.00, , ,
000089, 深圳机场,  ,  ,00.00,00.00, , ,
000099, 中信海直,  ,  ,00.00,00.00, , ,
000159, 国际实业,  ,  ,00.00,00.00, , ,
000413, 东旭光电,  ,  ,00.00,00.00, , ,
000502, 绿景控股,  ,  ,00.00,00.00, , ,
000509, 华塑控股,  ,  ,00.00,00.00, , ,
000520, 长航凤凰,  ,  ,00.00,00.00, , ,
000532, 华金资本,  ,  ,00.00,00.00, , ,
000536, 华映科技,  ,  ,00.00,00.00, , ,
000540, 中天金融,  ,  ,00.00,00.00, , ,
000555, 神州信息,  ,  ,00.00,00.00, , ,
000557, 西部创业,  ,  ,00.00,00.00, , ,
000561, 烽火电子,  ,  ,00.00,00.00, , ,
000570, 苏常柴Ａ,  ,  ,00.00,00.00, , ,
000584, 哈工智能,  ,  ,00.00,00.00, , ,
000585,*ST东电,  ,  ,00.00,00.00, , ,
000586, 汇源通信,  ,  ,00.00,00.00, , ,
000590, 启迪古汉,  ,  ,00.00,00.00, , ,
000592, 平潭发展,  ,  ,00.00,00.00, , ,
000595, 宝塔实业,  ,  ,00.00,00.00, , ,
000596, 古井贡酒,  ,  ,00.00,00.00, , ,
000599, 青岛双星,  ,  ,00.00,00.00, , ,
000605, 渤海股份,  ,  ,00.00,00.00, , ,
000606,  顺利办,  ,  ,00.00,00.00, , ,
000610, 西安旅游,  ,  ,00.00,00.00, , ,
000615, 京汉股份,  ,  ,00.00,00.00, , ,
000622, 恒立实业,  ,  ,00.00,00.00, , ,
000633, 合金投资,  ,  ,00.00,00.00, , ,
000636, 风华高科,  ,  ,00.00,00.00, , ,
000662, 天夏智慧,  ,  ,00.00,00.00, , ,
000666, 经纬纺机,  ,  ,00.00,00.00, , ,
000670, ST盈方,  ,  ,00.00,00.00, , ,
000673, 当代东方,  ,  ,00.00,00.00, , ,
000676, 智度股份,  ,  ,00.00,00.00, , ,
000678, 襄阳轴承,  ,  ,00.00,00.00, , ,
000711, 京蓝科技,  ,  ,00.00,00.00, , ,
000727, 华东科技,  ,  ,00.00,00.00, , ,
000728, 国元证券,  ,  ,00.00,00.00, , ,
000732, 泰禾集团,  ,  ,00.00,00.00, , ,
000733, 振华科技,  ,  ,00.00,00.00, , ,
000737,*ST南风,  ,  ,00.00,00.00, , ,
000750, 国海证券,  ,  ,00.00,00.00, , ,
000761, 本钢板材,  ,  ,00.00,00.00, , ,
000766, 通化金马,  ,  ,00.00,00.00, , ,
000788, 北大医药,  ,  ,00.00,00.00, , ,
000793, 华闻传媒,  ,  ,00.00,00.00, , ,
000806, 银河生物,  ,  ,00.00,00.00, , ,
000811, 冰轮环境,  ,  ,00.00,00.00, , ,
000816,*ST慧业,  ,  ,00.00,00.00, , ,
000821, 京山轻机,  ,  ,00.00,00.00, , ,
000829, 天音控股,  ,  ,00.00,00.00, , ,
000836, 富通鑫茂,  ,  ,00.00,00.00, , ,
000839, 中信国安,  ,  ,00.00,00.00, , ,
000851, 高鸿股份,  ,  ,00.00,00.00, , ,
000863, 三湘印象,  ,  ,00.00,00.00, , ,
000876,新 希 望,  ,  ,00.00,00.00, , ,
000882, 华联股份,  ,  ,00.00,00.00, , ,
000892, 欢瑞世纪,  ,  ,00.00,00.00, , ,
000901, 航天科技,  ,  ,00.00,00.00, , ,
000938, 紫光股份,  ,  ,00.00,00.00, , ,
000955, 欣龙控股,  ,  ,00.00,00.00, , ,
000971, 高升控股,  ,  ,00.00,00.00, , ,
000976, 华铁股份,  ,  ,00.00,00.00, , ,
000977, 浪潮信息,  ,  ,00.00,00.00, , ,
000988, 华工科技,  ,  ,00.00,00.00, , ,
000993, 闽东电力,  ,  ,00.00,00.00, , ,
000996, 中国中期,  ,  ,00.00,00.00, , ,
000997,新 大 陆,  ,  ,00.00,00.00, , ,
001696, 宗申动力,  ,  ,00.00,00.00, , ,
002009, 天奇股份,  ,  ,00.00,00.00, , ,
002021, 中捷资源,  ,  ,00.00,00.00, , ,
002023, 海特高新,  ,  ,00.00,00.00, , ,
002025, 航天电器,  ,  ,00.00,00.00, , ,
002030, 达安基因,  ,  ,00.00,00.00, , ,
002034, 旺能环境,  ,  ,00.00,00.00, , ,
002035, 华帝股份,  ,  ,00.00,00.00, , ,
002036, 联创电子,  ,  ,00.00,00.00, , ,
002045, 国光电器,  ,  ,00.00,00.00, , ,
002049, 紫光国微,  ,  ,00.00,00.00, , ,
002052, 同洲电子,  ,  ,00.00,00.00, , ,
002055, 得润电子,  ,  ,00.00,00.00, , ,
002058,威 尔 泰,  ,  ,00.00,00.00, , ,
002059, 云南旅游,  ,  ,00.00,00.00, , ,
002063, 远光软件,  ,  ,00.00,00.00, , ,
002073, 软控股份,  ,  ,00.00,00.00, , ,
002074, 国轩高科,  ,  ,00.00,00.00, , ,
002076,雪 莱 特,  ,  ,00.00,00.00, , ,
002082,  万邦德,  ,  ,00.00,00.00, , ,
002093, 国脉科技,  ,  ,00.00,00.00, , ,
002094, 青岛金王,  ,  ,00.00,00.00, , ,
002103, 广博股份,  ,  ,00.00,00.00, , ,
002113, 天润数娱,  ,  ,00.00,00.00, , ,
002117, 东港股份,  ,  ,00.00,00.00, , ,
002119, 康强电子,  ,  ,00.00,00.00, , ,
002121, 科陆电子,  ,  ,00.00,00.00, , ,
002139, 拓邦股份,  ,  ,00.00,00.00, , ,
002141, 贤丰控股,  ,  ,00.00,00.00, , ,
002143, 印纪传媒,  ,  ,00.00,00.00, , ,
002148, 北纬科技,  ,  ,00.00,00.00, , ,
002151, 北斗星通,  ,  ,00.00,00.00, , ,
002152, 广电运通,  ,  ,00.00,00.00, , ,
002153, 石基信息,  ,  ,00.00,00.00, , ,
002156, 通富微电,  ,  ,00.00,00.00, , ,
002161,远 望 谷,  ,  ,00.00,00.00, , ,
002163, 中航三鑫,  ,  ,00.00,00.00, , ,
002174, 游族网络,  ,  ,00.00,00.00, , ,
002175, 东方网络,  ,  ,00.00,00.00, , ,
002176, 江特电机,  ,  ,00.00,00.00, , ,
002177, 御银股份,  ,  ,00.00,00.00, , ,
002180,  纳思达,  ,  ,00.00,00.00, , ,
002181,粤 传 媒,  ,  ,00.00,00.00, , ,
002183,怡 亚 通,  ,  ,00.00,00.00, , ,
002185, 华天科技,  ,  ,00.00,00.00, , ,
002188,*ST巴士,  ,  ,00.00,00.00, , ,
002189, 利达光电,  ,  ,00.00,00.00, , ,
002190,*ST集成,  ,  ,00.00,00.00, , ,
002191, 劲嘉股份,  ,  ,00.00,00.00, , ,
002192, 融捷股份,  ,  ,00.00,00.00, , ,
002196, 方正电机,  ,  ,00.00,00.00, , ,
002197, 证通电子,  ,  ,00.00,00.00, , ,
002208, 合肥城建,  ,  ,00.00,00.00, , ,
002210, 飞马国际,  ,  ,00.00,00.00, , ,
002212, 南洋股份,  ,  ,00.00,00.00, , ,
002216, 三全食品,  ,  ,00.00,00.00, , ,
002217,  合力泰,  ,  ,00.00,00.00, , ,
002219, 恒康医疗,  ,  ,00.00,00.00, , ,
002220, 天宝食品,  ,  ,00.00,00.00, , ,
002222, 福晶科技,  ,  ,00.00,00.00, , ,
002227,奥 特 迅,  ,  ,00.00,00.00, , ,
002230, 科大讯飞,  ,  ,00.00,00.00, , ,
002231, 奥维通信,  ,  ,00.00,00.00, , ,
002232, 启明信息,  ,  ,00.00,00.00, , ,
002241, 歌尔股份,  ,  ,00.00,00.00, , ,
002242, 九阳股份,  ,  ,00.00,00.00, , ,
002245, 澳洋顺昌,  ,  ,00.00,00.00, , ,
002250, 联化科技,  ,  ,00.00,00.00, , ,
002253, 川大智胜,  ,  ,00.00,00.00, , ,
002261, 拓维信息,  ,  ,00.00,00.00, , ,
002263,*ST东南,  ,  ,00.00,00.00, , ,
002264,新 华 都,  ,  ,00.00,00.00, , ,
002268,卫 士 通,  ,  ,00.00,00.00, , ,
002270, 华明装备,  ,  ,00.00,00.00, , ,
002273, 水晶光电,  ,  ,00.00,00.00, , ,
002276, 万马股份,  ,  ,00.00,00.00, , ,
002279, 久其软件,  ,  ,00.00,00.00, , ,
002280, 联络互动,  ,  ,00.00,00.00, , ,
002285,  世联行,  ,  ,00.00,00.00, , ,
002288, 超华科技,  ,  ,00.00,00.00, , ,
002292, 奥飞娱乐,  ,  ,00.00,00.00, , ,
002296, 辉煌科技,  ,  ,00.00,00.00, , ,
002300, 太阳电缆,  ,  ,00.00,00.00, , ,
002303,  美盈森,  ,  ,00.00,00.00, , ,
002306,*ST云网,  ,  ,00.00,00.00, , ,
002312, 三泰控股,  ,  ,00.00,00.00, , ,
002316, 亚联发展,  ,  ,00.00,00.00, , ,
002328, 新朋股份,  ,  ,00.00,00.00, , ,
002331, 皖通科技,  ,  ,00.00,00.00, , ,
002339, 积成电子,  ,  ,00.00,00.00, , ,
002342, 巨力索具,  ,  ,00.00,00.00, , ,
002350, 北京科锐,  ,  ,00.00,00.00, , ,
002354, 天神娱乐,  ,  ,00.00,00.00, , ,
002356, 赫美集团,  ,  ,00.00,00.00, , ,
002364, 中恒电气,  ,  ,00.00,00.00, , ,
002368, 太极股份,  ,  ,00.00,00.00, , ,
002369, 卓翼科技,  ,  ,00.00,00.00, , ,
002371, 北方华创,  ,  ,00.00,00.00, , ,
002373, 千方科技,  ,  ,00.00,00.00, , ,
002374, 丽鹏股份,  ,  ,00.00,00.00, , ,
002377, 国创高新,  ,  ,00.00,00.00, , ,
002383, 合众思壮,  ,  ,00.00,00.00, , ,
002384, 东山精密,  ,  ,00.00,00.00, , ,
002395, 双象股份,  ,  ,00.00,00.00, , ,
002400, 省广集团,  ,  ,00.00,00.00, , ,
002405, 四维图新,  ,  ,00.00,00.00, , ,
002410,  广联达,  ,  ,00.00,00.00, , ,
002412, 汉森制药,  ,  ,00.00,00.00, , ,
002413, 雷科防务,  ,  ,00.00,00.00, , ,
002417, 深南股份,  ,  ,00.00,00.00, , ,
002425, 凯撒文化,  ,  ,00.00,00.00, , ,
002426, 胜利精密,  ,  ,00.00,00.00, , ,
002427,*ST尤夫,  ,  ,00.00,00.00, , ,
002429, 兆驰股份,  ,  ,00.00,00.00, , ,
002436, 兴森科技,  ,  ,00.00,00.00, , ,
002437, 誉衡药业,  ,  ,00.00,00.00, , ,
002439, 启明星辰,  ,  ,00.00,00.00, , ,
002441,  众业达,  ,  ,00.00,00.00, , ,
002444, 巨星科技,  ,  ,00.00,00.00, , ,
002446, 盛路通信,  ,  ,00.00,00.00, , ,
002447, 晨鑫科技,  ,  ,00.00,00.00, , ,
002449, 国星光电,  ,  ,00.00,00.00, , ,
002451, 摩恩电气,  ,  ,00.00,00.00, , ,
002453, 华软科技,  ,  ,00.00,00.00, , ,
002454, 松芝股份,  ,  ,00.00,00.00, , ,
002456,  欧菲光,  ,  ,00.00,00.00, , ,
002463, 沪电股份,  ,  ,00.00,00.00, , ,
002473,  圣莱达,  ,  ,00.00,00.00, , ,
002474, 榕基软件,  ,  ,00.00,00.00, , ,
002475, 立讯精密,  ,  ,00.00,00.00, , ,
002482, 广田集团,  ,  ,00.00,00.00, , ,
002500, 山西证券,  ,  ,00.00,00.00, , ,
002502, 骅威文化,  ,  ,00.00,00.00, , ,
002503,  搜于特,  ,  ,00.00,00.00, , ,
002504, 弘高创意,  ,  ,00.00,00.00, , ,
002508, 老板电器,  ,  ,00.00,00.00, , ,
002509, 天广中茂,  ,  ,00.00,00.00, , ,
002510,  天汽模,  ,  ,00.00,00.00, , ,
002511, 中顺洁柔,  ,  ,00.00,00.00, , ,
002512, 达华智能,  ,  ,00.00,00.00, , ,
002517, 恺英网络,  ,  ,00.00,00.00, , ,
002518,  科士达,  ,  ,00.00,00.00, , ,
002519, 银河电子,  ,  ,00.00,00.00, , ,
002524, 光正集团,  ,  ,00.00,00.00, , ,
002529, 海源复材,  ,  ,00.00,00.00, , ,
002530, 金财互联,  ,  ,00.00,00.00, , ,
002531, 天顺风能,  ,  ,00.00,00.00, , ,
002532, 新界泵业,  ,  ,00.00,00.00, , ,
002537, 海联金汇,  ,  ,00.00,00.00, , ,
002542, 中化岩土,  ,  ,00.00,00.00, , ,
002544, 杰赛科技,  ,  ,00.00,00.00, , ,
002552, 宝鼎科技,  ,  ,00.00,00.00, , ,
002555, 三七互娱,  ,  ,00.00,00.00, , ,
002557, 洽洽食品,  ,  ,00.00,00.00, , ,
002558, 巨人网络,  ,  ,00.00,00.00, , ,
002560, 通达股份,  ,  ,00.00,00.00, , ,
002563, 森马服饰,  ,  ,00.00,00.00, , ,
002567,  唐人神,  ,  ,00.00,00.00, , ,
002570,*ST因美,  ,  ,00.00,00.00, , ,
002572,  索菲亚,  ,  ,00.00,00.00, , ,
002573, 清新环境,  ,  ,00.00,00.00, , ,
002575, 群兴玩具,  ,  ,00.00,00.00, , ,
002577, 雷柏科技,  ,  ,00.00,00.00, , ,
002580, 圣阳股份,  ,  ,00.00,00.00, , ,
002581, 未名医药,  ,  ,00.00,00.00, , ,
002587, 奥拓电子,  ,  ,00.00,00.00, , ,
002589, 瑞康医药,  ,  ,00.00,00.00, , ,
002590, 万安科技,  ,  ,00.00,00.00, , ,
002594,  比亚迪,  ,  ,00.00,00.00, , ,
002598, 山东章鼓,  ,  ,00.00,00.00, , ,
002600, 领益智造,  ,  ,00.00,00.00, , ,
002606, 大连电瓷,  ,  ,00.00,00.00, , ,
002607, 中公教育,  ,  ,00.00,00.00, , ,
002609, 捷顺科技,  ,  ,00.00,00.00, , ,
002611, 东方精工,  ,  ,00.00,00.00, , ,
002614,  奥佳华,  ,  ,00.00,00.00, , ,
002615,  哈尔斯,  ,  ,00.00,00.00, , ,
002616, 长青集团,  ,  ,00.00,00.00, , ,
002618, 丹邦科技,  ,  ,00.00,00.00, , ,
002619, 艾格拉斯,  ,  ,00.00,00.00, , ,
002622, 融钰集团,  ,  ,00.00,00.00, , ,
002624, 完美世界,  ,  ,00.00,00.00, , ,
002630, 华西能源,  ,  ,00.00,00.00, , ,
002631, 德尔未来,  ,  ,00.00,00.00, , ,
002635, 安洁科技,  ,  ,00.00,00.00, , ,
002636, 金安国纪,  ,  ,00.00,00.00, , ,
002649, 博彦科技,  ,  ,00.00,00.00, , ,
002655, 共达电声,  ,  ,00.00,00.00, , ,
002657, 中科金财,  ,  ,00.00,00.00, , ,
002659, 凯文教育,  ,  ,00.00,00.00, , ,
002660, 茂硕电源,  ,  ,00.00,00.00, , ,
002662, 京威股份,  ,  ,00.00,00.00, , ,
002663, 普邦股份,  ,  ,00.00,00.00, , ,
002664, 长鹰信质,  ,  ,00.00,00.00, , ,
002673, 西部证券,  ,  ,00.00,00.00, , ,
002681, 奋达科技,  ,  ,00.00,00.00, , ,
002684, 猛狮科技,  ,  ,00.00,00.00, , ,
002687,  乔治白,  ,  ,00.00,00.00, , ,
002696, 百洋股份,  ,  ,00.00,00.00, , ,
002698, 博实股份,  ,  ,00.00,00.00, , ,
002699, 美盛文化,  ,  ,00.00,00.00, , ,
002707, 众信旅游,  ,  ,00.00,00.00, , ,
002711, 欧浦智网,  ,  ,00.00,00.00, , ,
002712, 思美传媒,  ,  ,00.00,00.00, , ,
002713, 东易日盛,  ,  ,00.00,00.00, , ,
002714, 牧原股份,  ,  ,00.00,00.00, , ,
002721, 金一文化,  ,  ,00.00,00.00, , ,
002729,  好利来,  ,  ,00.00,00.00, , ,
002736, 国信证券,  ,  ,00.00,00.00, , ,
002747,  埃斯顿,  ,  ,00.00,00.00, , ,
002751, 易尚展示,  ,  ,00.00,00.00, , ,
002766, 索菱股份,  ,  ,00.00,00.00, , ,
002769,  普路通,  ,  ,00.00,00.00, , ,
002771,  真视通,  ,  ,00.00,00.00, , ,
002773, 康弘药业,  ,  ,00.00,00.00, , ,
002777, 久远银海,  ,  ,00.00,00.00, , ,
002782,  可立克,  ,  ,00.00,00.00, , ,
002791, 坚朗五金,  ,  ,00.00,00.00, , ,
002796, 世嘉科技,  ,  ,00.00,00.00, , ,
002798, 帝欧家居,  ,  ,00.00,00.00, , ,
002801, 微光股份,  ,  ,00.00,00.00, , ,
002803, 吉宏股份,  ,  ,00.00,00.00, , ,
002806, 华锋股份,  ,  ,00.00,00.00, , ,
002821,  凯莱英,  ,  ,00.00,00.00, , ,
002823, 凯中精密,  ,  ,00.00,00.00, , ,
002831, 裕同科技,  ,  ,00.00,00.00, , ,
002833, 弘亚数控,  ,  ,00.00,00.00, , ,
002835, 同为股份,  ,  ,00.00,00.00, , ,
002836,  新宏泽,  ,  ,00.00,00.00, , ,
002837,  英维克,  ,  ,00.00,00.00, , ,
002845,  同兴达,  ,  ,00.00,00.00, , ,
002850,  科达利,  ,  ,00.00,00.00, , ,
002851, 麦格米特,  ,  ,00.00,00.00, , ,
002860,  星帅尔,  ,  ,00.00,00.00, , ,
002863, 今飞凯达,  ,  ,00.00,00.00, , ,
002869, 金溢科技,  ,  ,00.00,00.00, , ,
002872, 天圣制药,  ,  ,00.00,00.00, , ,
002875,  安奈儿,  ,  ,00.00,00.00, , ,
002878, 元隆雅图,  ,  ,00.00,00.00, , ,
002881, 美格智能,  ,  ,00.00,00.00, , ,
002885,  京泉华,  ,  ,00.00,00.00, , ,
002889, 东方嘉盛,  ,  ,00.00,00.00, , ,
002892,  科力尔,  ,  ,00.00,00.00, , ,
002903, 宇环数控,  ,  ,00.00,00.00, , ,
002912, 中新赛克,  ,  ,00.00,00.00, , ,
002916, 深南电路,  ,  ,00.00,00.00, , ,
002918, 蒙娜丽莎,  ,  ,00.00,00.00, , ,
002920, 德赛西威,  ,  ,00.00,00.00, , ,
002925, 盈趣科技,  ,  ,00.00,00.00, , ,
002926, 华西证券,  ,  ,00.00,00.00, , ,
002928, 华夏航空,  ,  ,00.00,00.00, , ,
002929, 润建通信,  ,  ,00.00,00.00, , ,
002935, 天奥电子,  ,  ,00.00,00.00, , ,
002939, 长城证券,  ,  ,00.00,00.00, , ,
002943, 宇晶股份,  ,  ,00.00,00.00, , ,
300001,  特锐德,  ,  ,00.00,00.00, , ,
300002, 神州泰岳,  ,  ,00.00,00.00, , ,
300007, 汉威科技,  ,  ,00.00,00.00, , ,
300008, 天海防务,  ,  ,00.00,00.00, , ,
300010,  立思辰,  ,  ,00.00,00.00, , ,
300011, 鼎汉技术,  ,  ,00.00,00.00, , ,
300012, 华测检测,  ,  ,00.00,00.00, , ,
300013, 新宁物流,  ,  ,00.00,00.00, , ,
300014, 亿纬锂能,  ,  ,00.00,00.00, , ,
300016, 北陆药业,  ,  ,00.00,00.00, , ,
300017, 网宿科技,  ,  ,00.00,00.00, , ,
300018, 中元股份,  ,  ,00.00,00.00, , ,
300025, 华星创业,  ,  ,00.00,00.00, , ,
300031, 宝通科技,  ,  ,00.00,00.00, , ,
300032, 金龙机电,  ,  ,00.00,00.00, , ,
300036, 超图软件,  ,  ,00.00,00.00, , ,
300038, 数知科技,  ,  ,00.00,00.00, , ,
300040, 九洲电气,  ,  ,00.00,00.00, , ,
300043, 星辉娱乐,  ,  ,00.00,00.00, , ,
300044, 赛为智能,  ,  ,00.00,00.00, , ,
300045, 华力创通,  ,  ,00.00,00.00, , ,
300046, 台基股份,  ,  ,00.00,00.00, , ,
300047, 天源迪科,  ,  ,00.00,00.00, , ,
300049, 福瑞股份,  ,  ,00.00,00.00, , ,
300050, 世纪鼎利,  ,  ,00.00,00.00, , ,
300051, 三五互联,  ,  ,00.00,00.00, , ,
300052,  中青宝,  ,  ,00.00,00.00, , ,
300053,  欧比特,  ,  ,00.00,00.00, , ,
300058, 蓝色光标,  ,  ,00.00,00.00, , ,
300059, 东方财富,  ,  ,00.00,00.00, , ,
300062, 中能电气,  ,  ,00.00,00.00, , ,
300064, 豫金刚石,  ,  ,00.00,00.00, , ,
300065,  海兰信,  ,  ,00.00,00.00, , ,
300072, 三聚环保,  ,  ,00.00,00.00, , ,
300074, 华平股份,  ,  ,00.00,00.00, , ,
300075, 数字政通,  ,  ,00.00,00.00, , ,
300077, 国民技术,  ,  ,00.00,00.00, , ,
300079, 数码科技,  ,  ,00.00,00.00, , ,
300081, 恒信东方,  ,  ,00.00,00.00, , ,
300083, 劲胜智能,  ,  ,00.00,00.00, , ,
300084, 海默科技,  ,  ,00.00,00.00, , ,
300089, 文化长城,  ,  ,00.00,00.00, , ,
300095, 华伍股份,  ,  ,00.00,00.00, , ,
300096,  易联众,  ,  ,00.00,00.00, , ,
300098,  高新兴,  ,  ,00.00,00.00, , ,
300100, 双林股份,  ,  ,00.00,00.00, , ,
300101, 振芯科技,  ,  ,00.00,00.00, , ,
300113, 顺网科技,  ,  ,00.00,00.00, , ,
300114, 中航电测,  ,  ,00.00,00.00, , ,
300115, 长盈精密,  ,  ,00.00,00.00, , ,
300117, 嘉寓股份,  ,  ,00.00,00.00, , ,
300118, 东方日升,  ,  ,00.00,00.00, , ,
300120, 经纬辉开,  ,  ,00.00,00.00, , ,
300123, 亚光科技,  ,  ,00.00,00.00, , ,
300128, 锦富技术,  ,  ,00.00,00.00, , ,
300131, 英唐智控,  ,  ,00.00,00.00, , ,
300134, 大富科技,  ,  ,00.00,00.00, , ,
300136, 信维通信,  ,  ,00.00,00.00, , ,
300139, 晓程科技,  ,  ,00.00,00.00, , ,
300140, 中环装备,  ,  ,00.00,00.00, , ,
300144, 宋城演艺,  ,  ,00.00,00.00, , ,
300145, 中金环境,  ,  ,00.00,00.00, , ,
300151, 昌红科技,  ,  ,00.00,00.00, , ,
300155,  安居宝,  ,  ,00.00,00.00, , ,
300156, 神雾环保,  ,  ,00.00,00.00, , ,
300159, 新研股份,  ,  ,00.00,00.00, , ,
300160, 秀强股份,  ,  ,00.00,00.00, , ,
300166, 东方国信,  ,  ,00.00,00.00, , ,
300167,  迪威迅,  ,  ,00.00,00.00, , ,
300170, 汉得信息,  ,  ,00.00,00.00, , ,
300171,  东富龙,  ,  ,00.00,00.00, , ,
300173, 智慧松德,  ,  ,00.00,00.00, , ,
300175, 朗源股份,  ,  ,00.00,00.00, , ,
300176, 派生科技,  ,  ,00.00,00.00, , ,
300177,  中海达,  ,  ,00.00,00.00, , ,
300178, 腾邦国际,  ,  ,00.00,00.00, , ,
300181, 佐力药业,  ,  ,00.00,00.00, , ,
300182, 捷成股份,  ,  ,00.00,00.00, , ,
300184, 力源信息,  ,  ,00.00,00.00, , ,
300189, 神农基因,  ,  ,00.00,00.00, , ,
300199, 翰宇药业,  ,  ,00.00,00.00, , ,
300202, 聚龙股份,  ,  ,00.00,00.00, , ,
300207,  欣旺达,  ,  ,00.00,00.00, , ,
300208, 青岛中程,  ,  ,00.00,00.00, , ,
300209, 天泽信息,  ,  ,00.00,00.00, , ,
300212,  易华录,  ,  ,00.00,00.00, , ,
300215,  电科院,  ,  ,00.00,00.00, , ,
300216, 千山药机,  ,  ,00.00,00.00, , ,
300220, 金运激光,  ,  ,00.00,00.00, , ,
300222, 科大智能,  ,  ,00.00,00.00, , ,
300223, 北京君正,  ,  ,00.00,00.00, , ,
300224, 正海磁材,  ,  ,00.00,00.00, , ,
300229,  拓尔思,  ,  ,00.00,00.00, , ,
300231, 银信科技,  ,  ,00.00,00.00, , ,
300232, 洲明科技,  ,  ,00.00,00.00, , ,
300233, 金城医药,  ,  ,00.00,00.00, , ,
300235, 方直科技,  ,  ,00.00,00.00, , ,
300240,  飞力达,  ,  ,00.00,00.00, , ,
300241, 瑞丰光电,  ,  ,00.00,00.00, , ,
300244, 迪安诊断,  ,  ,00.00,00.00, , ,
300245, 天玑科技,  ,  ,00.00,00.00, , ,
300248,  新开普,  ,  ,00.00,00.00, , ,
300249,  依米康,  ,  ,00.00,00.00, , ,
300250, 初灵信息,  ,  ,00.00,00.00, , ,
300252,  金信诺,  ,  ,00.00,00.00, , ,
300254, 仟源医药,  ,  ,00.00,00.00, , ,
300255, 常山药业,  ,  ,00.00,00.00, , ,
300256, 星星科技,  ,  ,00.00,00.00, , ,
300260, 新莱应材,  ,  ,00.00,00.00, , ,
300265, 通光线缆,  ,  ,00.00,00.00, , ,
300271, 华宇软件,  ,  ,00.00,00.00, , ,
300273, 和佳股份,  ,  ,00.00,00.00, , ,
300279, 和晶科技,  ,  ,00.00,00.00, , ,
300283, 温州宏丰,  ,  ,00.00,00.00, , ,
300286,  安科瑞,  ,  ,00.00,00.00, , ,
300287,  飞利信,  ,  ,00.00,00.00, , ,
300288, 朗玛信息,  ,  ,00.00,00.00, , ,
300292, 吴通控股,  ,  ,00.00,00.00, , ,
300293, 蓝英装备,  ,  ,00.00,00.00, , ,
300295, 三六五网,  ,  ,00.00,00.00, , ,
300296,  利亚德,  ,  ,00.00,00.00, , ,
300297, 蓝盾股份,  ,  ,00.00,00.00, , ,
300299, 富春股份,  ,  ,00.00,00.00, , ,
300300, 汉鼎宇佑,  ,  ,00.00,00.00, , ,
300302, 同有科技,  ,  ,00.00,00.00, , ,
300303, 聚飞光电,  ,  ,00.00,00.00, , ,
300308, 中际旭创,  ,  ,00.00,00.00, , ,
300310, 宜通世纪,  ,  ,00.00,00.00, , ,
300311,  任子行,  ,  ,00.00,00.00, , ,
300312, 邦讯技术,  ,  ,00.00,00.00, , ,
300315, 掌趣科技,  ,  ,00.00,00.00, , ,
300316, 晶盛机电,  ,  ,00.00,00.00, , ,
300317, 珈伟新能,  ,  ,00.00,00.00, , ,
300318, 博晖创新,  ,  ,00.00,00.00, , ,
300322,  硕贝德,  ,  ,00.00,00.00, , ,
300323, 华灿光电,  ,  ,00.00,00.00, , ,
300324, 旋极信息,  ,  ,00.00,00.00, , ,
300329, 海伦钢琴,  ,  ,00.00,00.00, , ,
300331, 苏大维格,  ,  ,00.00,00.00, , ,
300333, 兆日科技,  ,  ,00.00,00.00, , ,
300335, 迪森股份,  ,  ,00.00,00.00, , ,
300339, 润和软件,  ,  ,00.00,00.00, , ,
300340, 科恒股份,  ,  ,00.00,00.00, , ,
300343, 联创互联,  ,  ,00.00,00.00, , ,
300344, 太空智造,  ,  ,00.00,00.00, , ,
300345, 红宇新材,  ,  ,00.00,00.00, , ,
300346, 南大光电,  ,  ,00.00,00.00, , ,
300347, 泰格医药,  ,  ,00.00,00.00, , ,
300348, 长亮科技,  ,  ,00.00,00.00, , ,
300350,  华鹏飞,  ,  ,00.00,00.00, , ,
300352,  北信源,  ,  ,00.00,00.00, , ,
300356, 光一科技,  ,  ,00.00,00.00, , ,
300359, 全通教育,  ,  ,00.00,00.00, , ,
300362, 天翔环境,  ,  ,00.00,00.00, , ,
300363, 博腾股份,  ,  ,00.00,00.00, , ,
300364, 中文在线,  ,  ,00.00,00.00, , ,
300366, 创意信息,  ,  ,00.00,00.00, , ,
300368, 汇金股份,  ,  ,00.00,00.00, , ,
300369, 绿盟科技,  ,  ,00.00,00.00, , ,
300373, 扬杰科技,  ,  ,00.00,00.00, , ,
300375, 鹏翎股份,  ,  ,00.00,00.00, , ,
300377,  赢时胜,  ,  ,00.00,00.00, , ,
300386, 飞天诚信,  ,  ,00.00,00.00, , ,
300390, 天华超净,  ,  ,00.00,00.00, , ,
300391, 康跃科技,  ,  ,00.00,00.00, , ,
300392, 腾信股份,  ,  ,00.00,00.00, , ,
300393, 中来股份,  ,  ,00.00,00.00, , ,
300395,  菲利华,  ,  ,00.00,00.00, , ,
300396, 迪瑞医疗,  ,  ,00.00,00.00, , ,
300397, 天和防务,  ,  ,00.00,00.00, , ,
300400, 劲拓股份,  ,  ,00.00,00.00, , ,
300409, 道氏技术,  ,  ,00.00,00.00, , ,
300411, 金盾股份,  ,  ,00.00,00.00, , ,
300413, 芒果超媒,  ,  ,00.00,00.00, , ,
300424, 航新科技,  ,  ,00.00,00.00, , ,
300426, 唐德影视,  ,  ,00.00,00.00, , ,
300427, 红相股份,  ,  ,00.00,00.00, , ,
300431, 暴风集团,  ,  ,00.00,00.00, , ,
300433, 蓝思科技,  ,  ,00.00,00.00, , ,
300438, 鹏辉能源,  ,  ,00.00,00.00, , ,
300445,  康斯特,  ,  ,00.00,00.00, , ,
300446, 乐凯新材,  ,  ,00.00,00.00, , ,
300449, 汉邦高科,  ,  ,00.00,00.00, , ,
300450, 先导智能,  ,  ,00.00,00.00, , ,
300455, 康拓红外,  ,  ,00.00,00.00, , ,
300456, 耐威科技,  ,  ,00.00,00.00, , ,
300458, 全志科技,  ,  ,00.00,00.00, , ,
300462, 华铭智能,  ,  ,00.00,00.00, , ,
300465,  高伟达,  ,  ,00.00,00.00, , ,
300467, 迅游科技,  ,  ,00.00,00.00, , ,
300469, 信息发展,  ,  ,00.00,00.00, , ,
300471, 厚普股份,  ,  ,00.00,00.00, , ,
300477, 合纵科技,  ,  ,00.00,00.00, , ,
300479, 神思电子,  ,  ,00.00,00.00, , ,
300487, 蓝晓科技,  ,  ,00.00,00.00, , ,
300491, 通合科技,  ,  ,00.00,00.00, , ,
300493, 润欣科技,  ,  ,00.00,00.00, , ,
300494, 盛天网络,  ,  ,00.00,00.00, , ,
300495, 美尚生态,  ,  ,00.00,00.00, , ,
300496, 中科创达,  ,  ,00.00,00.00, , ,
300498, 温氏股份,  ,  ,00.00,00.00, , ,
300501, 海顺新材,  ,  ,00.00,00.00, , ,
300510, 金冠股份,  ,  ,00.00,00.00, , ,
300513, 恒实科技,  ,  ,00.00,00.00, , ,
300514,  友讯达,  ,  ,00.00,00.00, , ,
300518,  盛讯达,  ,  ,00.00,00.00, , ,
300520, 科大国创,  ,  ,00.00,00.00, , ,
300521,  爱司凯,  ,  ,00.00,00.00, , ,
300523, 辰安科技,  ,  ,00.00,00.00, , ,
300546, 雄帝科技,  ,  ,00.00,00.00, , ,
300549, 优德精密,  ,  ,00.00,00.00, , ,
300552, 万集科技,  ,  ,00.00,00.00, , ,
300554, 三超新材,  ,  ,00.00,00.00, , ,
300556, 丝路视觉,  ,  ,00.00,00.00, , ,
300558, 贝达药业,  ,  ,00.00,00.00, , ,
300560,  中富通,  ,  ,00.00,00.00, , ,
300561, 汇金科技,  ,  ,00.00,00.00, , ,
300562, 乐心医疗,  ,  ,00.00,00.00, , ,
300565, 科信技术,  ,  ,00.00,00.00, , ,
300566, 激智科技,  ,  ,00.00,00.00, , ,
300568, 星源材质,  ,  ,00.00,00.00, , ,
300569, 天能重工,  ,  ,00.00,00.00, , ,
300571, 平治信息,  ,  ,00.00,00.00, , ,
300572, 安车检测,  ,  ,00.00,00.00, , ,
300579, 数字认证,  ,  ,00.00,00.00, , ,
300581, 晨曦航空,  ,  ,00.00,00.00, , ,
300588, 熙菱信息,  ,  ,00.00,00.00, , ,
300590, 移为通信,  ,  ,00.00,00.00, , ,
300593,  新雷能,  ,  ,00.00,00.00, , ,
300595, 欧普康视,  ,  ,00.00,00.00, , ,
300597, 吉大通信,  ,  ,00.00,00.00, , ,
300601, 康泰生物,  ,  ,00.00,00.00, , ,
300604, 长川科技,  ,  ,00.00,00.00, , ,
300605, 恒锋信息,  ,  ,00.00,00.00, , ,
300607,  拓斯达,  ,  ,00.00,00.00, , ,
300608,  思特奇,  ,  ,00.00,00.00, , ,
300609, 汇纳科技,  ,  ,00.00,00.00, , ,
300612, 宣亚国际,  ,  ,00.00,00.00, , ,
300620, 光库科技,  ,  ,00.00,00.00, , ,
300622, 博士眼镜,  ,  ,00.00,00.00, , ,
300623, 捷捷微电,  ,  ,00.00,00.00, , ,
300627, 华测导航,  ,  ,00.00,00.00, , ,
300628, 亿联网络,  ,  ,00.00,00.00, , ,
300629,  新劲刚,  ,  ,00.00,00.00, , ,
300630, 普利制药,  ,  ,00.00,00.00, , ,
300632, 光莆股份,  ,  ,00.00,00.00, , ,
300634, 彩讯股份,  ,  ,00.00,00.00, , ,
300638,  广和通,  ,  ,00.00,00.00, , ,
300645, 正元智慧,  ,  ,00.00,00.00, , ,
300651, 金陵体育,  ,  ,00.00,00.00, , ,
300654, 世纪天鸿,  ,  ,00.00,00.00, , ,
300656, 民德电子,  ,  ,00.00,00.00, , ,
300659, 中孚信息,  ,  ,00.00,00.00, , ,
300666, 江丰电子,  ,  ,00.00,00.00, , ,
300671, 富满电子,  ,  ,00.00,00.00, , ,
300672,  国科微,  ,  ,00.00,00.00, , ,
300674, 宇信科技,  ,  ,00.00,00.00, , ,
300676, 华大基因,  ,  ,00.00,00.00, , ,
300678, 中科信息,  ,  ,00.00,00.00, , ,
300682, 朗新科技,  ,  ,00.00,00.00, , ,
300684, 中石科技,  ,  ,00.00,00.00, , ,
300687, 赛意信息,  ,  ,00.00,00.00, , ,
300689, 澄天伟业,  ,  ,00.00,00.00, , ,
300690, 双一科技,  ,  ,00.00,00.00, , ,
300694, 蠡湖股份,  ,  ,00.00,00.00, , ,
300699, 光威复材,  ,  ,00.00,00.00, , ,
300700, 岱勒新材,  ,  ,00.00,00.00, , ,
300706,  阿石创,  ,  ,00.00,00.00, , ,
300707, 威唐工业,  ,  ,00.00,00.00, , ,
300708, 聚灿光电,  ,  ,00.00,00.00, , ,
300709, 精研科技,  ,  ,00.00,00.00, , ,
300711, 广哈通信,  ,  ,00.00,00.00, , ,
300716, 国立科技,  ,  ,00.00,00.00, , ,
300718, 长盛轴承,  ,  ,00.00,00.00, , ,
300720, 海川智能,  ,  ,00.00,00.00, , ,
300724, 捷佳伟创,  ,  ,00.00,00.00, , ,
300725, 药石科技,  ,  ,00.00,00.00, , ,
300726, 宏达电子,  ,  ,00.00,00.00, , ,
300729, 乐歌股份,  ,  ,00.00,00.00, , ,
300735, 光弘科技,  ,  ,00.00,00.00, , ,
300739, 明阳电路,  ,  ,00.00,00.00, , ,
300751, 迈为股份,  ,  ,00.00,00.00, , ,
300752, 隆利科技,  ,  ,00.00,00.00, , ,

#yyyy-mm-dd
600020, 中原高速,  ,  ,00.00,00.00, , ,
600037, 歌华有线,  ,  ,00.00,00.00, , ,
600038, 中直股份,  ,  ,00.00,00.00, , ,
600050, 中国联通,  ,  ,00.00,00.00, , ,
600053, 九鼎投资,  ,  ,00.00,00.00, , ,
600054, 黄山旅游,  ,  ,00.00,00.00, , ,
600071, 凤凰光学,  ,  ,00.00,00.00, , ,
600083, 博信股份,  ,  ,00.00,00.00, , ,
600097, 开创国际,  ,  ,00.00,00.00, , ,
600112, 天成控股,  ,  ,00.00,00.00, , ,
600131, 岷江水电,  ,  ,00.00,00.00, , ,
600133, 东湖高新,  ,  ,00.00,00.00, , ,
600137, 浪莎股份,  ,  ,00.00,00.00, , ,
600183, 生益科技,  ,  ,00.00,00.00, , ,
600187, 国中水务,  ,  ,00.00,00.00, , ,
600190,  锦州港,  ,  ,00.00,00.00, , ,
600196, 复星医药,  ,  ,00.00,00.00, , ,
600199, 金种子酒,  ,  ,00.00,00.00, , ,
600201, 生物股份,  ,  ,00.00,00.00, , ,
600211, 西藏药业,  ,  ,00.00,00.00, , ,
600213, 亚星客车,  ,  ,00.00,00.00, , ,
600215, 长春经开,  ,  ,00.00,00.00, , ,
600220, 江苏阳光,  ,  ,00.00,00.00, , ,
600232, 金鹰股份,  ,  ,00.00,00.00, , ,
600242, 中昌数据,  ,  ,00.00,00.00, , ,
600249,  两面针,  ,  ,00.00,00.00, , ,
600250, 南纺股份,  ,  ,00.00,00.00, , ,
600265, ST景谷,  ,  ,00.00,00.00, , ,
600315, 上海家化,  ,  ,00.00,00.00, , ,
600321,*ST正源,  ,  ,00.00,00.00, , ,
600331, 宏达股份,  ,  ,00.00,00.00, , ,
600345, 长江通信,  ,  ,00.00,00.00, , ,
600385, 山东金泰,  ,  ,00.00,00.00, , ,
600400, 红豆股份,  ,  ,00.00,00.00, , ,
600406, 国电南瑞,  ,  ,00.00,00.00, , ,
600419, 天润乳业,  ,  ,00.00,00.00, , ,
600487, 亨通光电,  ,  ,00.00,00.00, , ,
600493, 凤竹纺织,  ,  ,00.00,00.00, , ,
600498, 烽火通信,  ,  ,00.00,00.00, , ,
600505, 西昌电力,  ,  ,00.00,00.00, , ,
600536, 中国软件,  ,  ,00.00,00.00, , ,
600547, 山东黄金,  ,  ,00.00,00.00, , ,
600579,  天华院,  ,  ,00.00,00.00, , ,
600599, 熊猫金控,  ,  ,00.00,00.00, , ,
600601, 方正科技,  ,  ,00.00,00.00, , ,
600610,*ST毅达,  ,  ,00.00,00.00, , ,
600671, 天目药业,  ,  ,00.00,00.00, , ,
600673, 东阳光科,  ,  ,00.00,00.00, , ,
600763, 通策医疗,  ,  ,00.00,00.00, , ,
600765, 中航重机,  ,  ,00.00,00.00, , ,
600776, 东方通信,  ,  ,00.00,00.00, , ,
600804,  鹏博士,  ,  ,00.00,00.00, , ,
600831, 广电网络,  ,  ,00.00,00.00, , ,
600839, 四川长虹,  ,  ,00.00,00.00, , ,
600845, 宝信软件,  ,  ,00.00,00.00, , ,
600847, 万里股份,  ,  ,00.00,00.00, , ,
600857, 宁波中百,  ,  ,00.00,00.00, , ,
600872, 中炬高新,  ,  ,00.00,00.00, , ,
600875, 东方电气,  ,  ,00.00,00.00, , ,
600893, 航发动力,  ,  ,00.00,00.00, , ,
600900, 长江电力,  ,  ,00.00,00.00, , ,
600903, 贵州燃气,  ,  ,00.00,00.00, , ,
600936, 广西广电,  ,  ,00.00,00.00, , ,
600979, 广安爱众,  ,  ,00.00,00.00, , ,
601016, 节能风电,  ,  ,00.00,00.00, , ,
601226, 华电重工,  ,  ,00.00,00.00, , ,
601231, 环旭电子,  ,  ,00.00,00.00, , ,
601326, 秦港股份,  ,  ,00.00,00.00, , ,
601360,  三六零,  ,  ,00.00,00.00, , ,
601558, ST锐电,  ,  ,00.00,00.00, , ,
601595, 上海电影,  ,  ,00.00,00.00, , ,
601869, 长飞光纤,  ,  ,00.00,00.00, , ,
601886, 江河集团,  ,  ,00.00,00.00, , ,
603012, 创力集团,  ,  ,00.00,00.00, , ,
603017, 中衡设计,  ,  ,00.00,00.00, , ,
603039, 泛微网络,  ,  ,00.00,00.00, , ,
603043, 广州酒家,  ,  ,00.00,00.00, , ,
603045, 福达合金,  ,  ,00.00,00.00, , ,
603096,  新经典,  ,  ,00.00,00.00, , ,
603105, 芯能科技,  ,  ,00.00,00.00, , ,
603126, 中材节能,  ,  ,00.00,00.00, , ,
603127, 昭衍新药,  ,  ,00.00,00.00, , ,
603129, 春风动力,  ,  ,00.00,00.00, , ,
603159, 上海亚虹,  ,  ,00.00,00.00, , ,
603161, 科华控股,  ,  ,00.00,00.00, , ,
603180, 金牌厨柜,  ,  ,00.00,00.00, , ,
603186, 华正新材,  ,  ,00.00,00.00, , ,
603200, 上海洗霸,  ,  ,00.00,00.00, , ,
603203, 快克股份,  ,  ,00.00,00.00, , ,
603218, 日月股份,  ,  ,00.00,00.00, , ,
603220,  贝通信,  ,  ,00.00,00.00, , ,
603225,  新凤鸣,  ,  ,00.00,00.00, , ,
603226, 菲林格尔,  ,  ,00.00,00.00, , ,
603229, 奥翔药业,  ,  ,00.00,00.00, , ,
603259, 药明康德,  ,  ,00.00,00.00, , ,
603283, 赛腾股份,  ,  ,00.00,00.00, , ,
603298, 杭叉集团,  ,  ,00.00,00.00, , ,
603303, 得邦照明,  ,  ,00.00,00.00, , ,
603322, 超讯通信,  ,  ,00.00,00.00, , ,
603326, 我乐家居,  ,  ,00.00,00.00, , ,
603337, 杰克股份,  ,  ,00.00,00.00, , ,
603339, 四方科技,  ,  ,00.00,00.00, , ,
603348, 文灿股份,  ,  ,00.00,00.00, , ,
603355, 莱克电气,  ,  ,00.00,00.00, , ,
603365, 水星家纺,  ,  ,00.00,00.00, , ,
603398, 邦宝益智,  ,  ,00.00,00.00, , ,
603456, 九洲药业,  ,  ,00.00,00.00, , ,
603477, 振静股份,  ,  ,00.00,00.00, , ,
603506, 南都物业,  ,  ,00.00,00.00, , ,
603508, 思维列控,  ,  ,00.00,00.00, , ,
603515, 欧普照明,  ,  ,00.00,00.00, , ,
603516, 淳中科技,  ,  ,00.00,00.00, , ,
603517, 绝味食品,  ,  ,00.00,00.00, , ,
603555,  贵人鸟,  ,  ,00.00,00.00, , ,
603557, 起步股份,  ,  ,00.00,00.00, , ,
603583, 捷昌驱动,  ,  ,00.00,00.00, , ,
603596,  伯特利,  ,  ,00.00,00.00, , ,
603598, 引力传媒,  ,  ,00.00,00.00, , ,
603600, 永艺股份,  ,  ,00.00,00.00, , ,
603602, 纵横通信,  ,  ,00.00,00.00, , ,
603617, 君禾股份,  ,  ,00.00,00.00, , ,
603630, 拉芳家化,  ,  ,00.00,00.00, , ,
603650, 彤程新材,  ,  ,00.00,00.00, , ,
603656, 泰禾光电,  ,  ,00.00,00.00, , ,
603657, 春光科技,  ,  ,00.00,00.00, , ,
603659,  璞泰来,  ,  ,00.00,00.00, , ,
603660, 苏州科达,  ,  ,00.00,00.00, , ,
603666,  亿嘉和,  ,  ,00.00,00.00, , ,
603685, 晨丰科技,  ,  ,00.00,00.00, , ,
603711,  香飘飘,  ,  ,00.00,00.00, , ,
603721, 中广天择,  ,  ,00.00,00.00, , ,
603757, 大元泵业,  ,  ,00.00,00.00, , ,
603767, 中马传动,  ,  ,00.00,00.00, , ,
603789, 星光农机,  ,  ,00.00,00.00, , ,
603806,  福斯特,  ,  ,00.00,00.00, , ,
603826, 坤彩科技,  ,  ,00.00,00.00, , ,
603861, 白云电器,  ,  ,00.00,00.00, , ,
603866, 桃李面包,  ,  ,00.00,00.00, , ,
603883,  老百姓,  ,  ,00.00,00.00, , ,
603886, 元祖股份,  ,  ,00.00,00.00, , ,
603897, 长城科技,  ,  ,00.00,00.00, , ,
603899, 晨光文具,  ,  ,00.00,00.00, , ,
603922,  金鸿顺,  ,  ,00.00,00.00, , ,
603976, 正川股份,  ,  ,00.00,00.00, , ,
603989, 艾华集团,  ,  ,00.00,00.00, , ,
000005, 世纪星源,  ,  ,00.00,00.00, , ,
000016, 深康佳Ａ,  ,  ,00.00,00.00, , ,
000017, 深中华A,  ,  ,00.00,00.00, , ,
000020, 深华发Ａ,  ,  ,00.00,00.00, , ,
000026, 飞亚达Ａ,  ,  ,00.00,00.00, , ,
000027, 深圳能源,  ,  ,00.00,00.00, , ,
000032, 深桑达Ａ,  ,  ,00.00,00.00, , ,
000050, 深天马Ａ,  ,  ,00.00,00.00, , ,
000058,深 赛 格,  ,  ,00.00,00.00, , ,
000068, 华控赛格,  ,  ,00.00,00.00, , ,
000100,TCL 集团,  ,  ,00.00,00.00, , ,
000158, 常山北明,  ,  ,00.00,00.00, , ,
000504, 南华生物,  ,  ,00.00,00.00, , ,
000539, 粤电力Ａ,  ,  ,00.00,00.00, , ,
000547, 航天发展,  ,  ,00.00,00.00, , ,
000558, 莱茵体育,  ,  ,00.00,00.00, , ,
000566, 海南海药,  ,  ,00.00,00.00, , ,
000572, 海马汽车,  ,  ,00.00,00.00, , ,
000582, 北部湾港,  ,  ,00.00,00.00, , ,
000600, 建投能源,  ,  ,00.00,00.00, , ,
000613, 大东海A,  ,  ,00.00,00.00, , ,
000639, 西王食品,  ,  ,00.00,00.00, , ,
000652, 泰达股份,  ,  ,00.00,00.00, , ,
000659, 珠海中富,  ,  ,00.00,00.00, , ,
000663, 永安林业,  ,  ,00.00,00.00, , ,
000665, 湖北广电,  ,  ,00.00,00.00, , ,
000671,阳 光 城,  ,  ,00.00,00.00, , ,
000677, 恒天海龙,  ,  ,00.00,00.00, , ,
000690, 宝新能源,  ,  ,00.00,00.00, , ,
000697, 炼石航空,  ,  ,00.00,00.00, , ,
000710, 贝瑞基因,  ,  ,00.00,00.00, , ,
000725, 京东方Ａ,  ,  ,00.00,00.00, , ,
000738, 航发控制,  ,  ,00.00,00.00, , ,
000760,  斯太尔,  ,  ,00.00,00.00, , ,
000810, 创维数字,  ,  ,00.00,00.00, , ,
000823, 超声电子,  ,  ,00.00,00.00, , ,
000826, 启迪桑德,  ,  ,00.00,00.00, , ,
000850, 华茂股份,  ,  ,00.00,00.00, , ,
000856, 冀东装备,  ,  ,00.00,00.00, , ,
000860, 顺鑫农业,  ,  ,00.00,00.00, , ,
000862, 银星能源,  ,  ,00.00,00.00, , ,
000886, 海南高速,  ,  ,00.00,00.00, , ,
000911, 南宁糖业,  ,  ,00.00,00.00, , ,
000917, 电广传媒,  ,  ,00.00,00.00, , ,
000918,  嘉凯城,  ,  ,00.00,00.00, , ,
000931,中 关 村,  ,  ,00.00,00.00, , ,
000936, 华西股份,  ,  ,00.00,00.00, , ,
000939,*ST凯迪,  ,  ,00.00,00.00, , ,
000948, 南天信息,  ,  ,00.00,00.00, , ,
000975, 银泰资源,  ,  ,00.00,00.00, , ,
000989,九 芝 堂,  ,  ,00.00,00.00, , ,
000998, 隆平高科,  ,  ,00.00,00.00, , ,
000999, 华润三九,  ,  ,00.00,00.00, , ,
002006, 精功科技,  ,  ,00.00,00.00, , ,
002015, 霞客环保,  ,  ,00.00,00.00, , ,
002017, 东信和平,  ,  ,00.00,00.00, , ,
002069,  獐子岛,  ,  ,00.00,00.00, , ,
002071, 长城影视,  ,  ,00.00,00.00, , ,
002077, 大港股份,  ,  ,00.00,00.00, , ,
002079, 苏州固锝,  ,  ,00.00,00.00, , ,
002080, 中材科技,  ,  ,00.00,00.00, , ,
002083, 孚日股份,  ,  ,00.00,00.00, , ,
002089,新 海 宜,  ,  ,00.00,00.00, , ,
002090, 金智科技,  ,  ,00.00,00.00, , ,
002102, ST冠福,  ,  ,00.00,00.00, , ,
002106, 莱宝高科,  ,  ,00.00,00.00, , ,
002115, 三维通信,  ,  ,00.00,00.00, , ,
002122,*ST天马,  ,  ,00.00,00.00, , ,
002127, 南极电商,  ,  ,00.00,00.00, , ,
002134, 天津普林,  ,  ,00.00,00.00, , ,
002144, 宏达高科,  ,  ,00.00,00.00, , ,
002158, 汉钟精机,  ,  ,00.00,00.00, , ,
002159, 三特索道,  ,  ,00.00,00.00, , ,
002164, 宁波东力,  ,  ,00.00,00.00, , ,
002168, 惠程科技,  ,  ,00.00,00.00, , ,
002179, 中航光电,  ,  ,00.00,00.00, , ,
002193, 如意集团,  ,  ,00.00,00.00, , ,
002195, 二三四五,  ,  ,00.00,00.00, , ,
002202, 金风科技,  ,  ,00.00,00.00, , ,
002204, 大连重工,  ,  ,00.00,00.00, , ,
002238, 天威视讯,  ,  ,00.00,00.00, , ,
002243, 通产丽星,  ,  ,00.00,00.00, , ,
002248, 华东数控,  ,  ,00.00,00.00, , ,
002259, ST升达,  ,  ,00.00,00.00, , ,
002260,*ST德奥,  ,  ,00.00,00.00, , ,
002266, 浙富控股,  ,  ,00.00,00.00, , ,
002269, 美邦服饰,  ,  ,00.00,00.00, , ,
002281, 光迅科技,  ,  ,00.00,00.00, , ,
002294,  信立泰,  ,  ,00.00,00.00, , ,
002299, 圣农发展,  ,  ,00.00,00.00, , ,
002305, 南国置业,  ,  ,00.00,00.00, , ,
002309, 中利集团,  ,  ,00.00,00.00, , ,
002313, 日海智能,  ,  ,00.00,00.00, , ,
002320, 海峡股份,  ,  ,00.00,00.00, , ,
002332, 仙琚制药,  ,  ,00.00,00.00, , ,
002333, 罗普斯金,  ,  ,00.00,00.00, , ,
002337, 赛象科技,  ,  ,00.00,00.00, , ,
002343, 慈文传媒,  ,  ,00.00,00.00, , ,
002346, 柘中股份,  ,  ,00.00,00.00, , ,
002358, 森源电气,  ,  ,00.00,00.00, , ,
002359, 北讯集团,  ,  ,00.00,00.00, , ,
002363, 隆基机械,  ,  ,00.00,00.00, , ,
002376,  新北洋,  ,  ,00.00,00.00, , ,
002387,  维信诺,  ,  ,00.00,00.00, , ,
002388, 新亚制程,  ,  ,00.00,00.00, , ,
002411, 延安必康,  ,  ,00.00,00.00, , ,
002421, 达实智能,  ,  ,00.00,00.00, , ,
002438, 江苏神通,  ,  ,00.00,00.00, , ,
002471, 中超控股,  ,  ,00.00,00.00, , ,
002484, 江海股份,  ,  ,00.00,00.00, , ,
002488, 金固股份,  ,  ,00.00,00.00, , ,
002491, 通鼎互联,  ,  ,00.00,00.00, , ,
002494, 华斯股份,  ,  ,00.00,00.00, , ,
002495, 佳隆股份,  ,  ,00.00,00.00, , ,
002507, 涪陵榨菜,  ,  ,00.00,00.00, , ,
002515, 金字火腿,  ,  ,00.00,00.00, , ,
002520, 日发精机,  ,  ,00.00,00.00, , ,
002526, 山东矿机,  ,  ,00.00,00.00, , ,
002533, 金杯电工,  ,  ,00.00,00.00, , ,
002547, 春兴精工,  ,  ,00.00,00.00, , ,
002582,  好想你,  ,  ,00.00,00.00, , ,
002602, 世纪华通,  ,  ,00.00,00.00, , ,
002604,*ST龙力,  ,  ,00.00,00.00, , ,
002623,  亚玛顿,  ,  ,00.00,00.00, , ,
002634, 棒杰股份,  ,  ,00.00,00.00, , ,
002647, 仁东控股,  ,  ,00.00,00.00, , ,
002654, 万润科技,  ,  ,00.00,00.00, , ,
002675, 东诚药业,  ,  ,00.00,00.00, , ,
002686,  亿利达,  ,  ,00.00,00.00, , ,
002708, 光洋股份,  ,  ,00.00,00.00, , ,
002722, 金轮股份,  ,  ,00.00,00.00, , ,
002727,  一心堂,  ,  ,00.00,00.00, , ,
002735, 王子新材,  ,  ,00.00,00.00, , ,
002745,  木林森,  ,  ,00.00,00.00, , ,
002762, 金发拉比,  ,  ,00.00,00.00, , ,
002765, 蓝黛传动,  ,  ,00.00,00.00, , ,
002786, 银宝山新,  ,  ,00.00,00.00, , ,
002787, 华源控股,  ,  ,00.00,00.00, , ,
002792, 通宇通讯,  ,  ,00.00,00.00, , ,
002793, 东音股份,  ,  ,00.00,00.00, , ,
002810, 山东赫达,  ,  ,00.00,00.00, , ,
002812, 恩捷股份,  ,  ,00.00,00.00, , ,
002816,  和科达,  ,  ,00.00,00.00, , ,
002820,  桂发祥,  ,  ,00.00,00.00, , ,
002824, 和胜股份,  ,  ,00.00,00.00, , ,
002838, 道恩股份,  ,  ,00.00,00.00, , ,
002841, 视源股份,  ,  ,00.00,00.00, , ,
002843, 泰嘉股份,  ,  ,00.00,00.00, , ,
002847, 盐津铺子,  ,  ,00.00,00.00, , ,
002862, 实丰文化,  ,  ,00.00,00.00, , ,
002870, 香山股份,  ,  ,00.00,00.00, , ,
002876,  三利谱,  ,  ,00.00,00.00, , ,
002879, 长缆科技,  ,  ,00.00,00.00, , ,
002880, 卫光生物,  ,  ,00.00,00.00, , ,
002883, 中设股份,  ,  ,00.00,00.00, , ,
002884, 凌霄泵业,  ,  ,00.00,00.00, , ,
002887, 绿茵生态,  ,  ,00.00,00.00, , ,
002891, 中宠股份,  ,  ,00.00,00.00, , ,
002908, 德生科技,  ,  ,00.00,00.00, , ,
002913,  奥士康,  ,  ,00.00,00.00, , ,
002927, 泰永长征,  ,  ,00.00,00.00, , ,
002932, 明德生物,  ,  ,00.00,00.00, , ,
002940,  昂利康,  ,  ,00.00,00.00, , ,
300005,  探路者,  ,  ,00.00,00.00, , ,
300023, 宝德股份,  ,  ,00.00,00.00, , ,
300030, 阳普医疗,  ,  ,00.00,00.00, , ,
300042, 朗科科技,  ,  ,00.00,00.00, , ,
300056,  三维丝,  ,  ,00.00,00.00, , ,
300066, 三川智慧,  ,  ,00.00,00.00, , ,
300073, 当升科技,  ,  ,00.00,00.00, , ,
300078, 思创医惠,  ,  ,00.00,00.00, , ,
300097, 智云股份,  ,  ,00.00,00.00, , ,
300104,  乐视网,  ,  ,00.00,00.00, , ,
300109,  新开源,  ,  ,00.00,00.00, , ,
300111,  向日葵,  ,  ,00.00,00.00, , ,
300116, 坚瑞沃能,  ,  ,00.00,00.00, , ,
300119, 瑞普生物,  ,  ,00.00,00.00, , ,
300122, 智飞生物,  ,  ,00.00,00.00, , ,
300125,  易世达,  ,  ,00.00,00.00, , ,
300130,  新国都,  ,  ,00.00,00.00, , ,
300133, 华策影视,  ,  ,00.00,00.00, , ,
300141, 和顺电气,  ,  ,00.00,00.00, , ,
300146, 汤臣倍健,  ,  ,00.00,00.00, , ,
300154, 瑞凌股份,  ,  ,00.00,00.00, , ,
300183, 东软载波,  ,  ,00.00,00.00, , ,
300195, 长荣股份,  ,  ,00.00,00.00, , ,
300198, 纳川股份,  ,  ,00.00,00.00, , ,
300201,  海伦哲,  ,  ,00.00,00.00, , ,
300211, 亿通科技,  ,  ,00.00,00.00, , ,
300213, 佳讯飞鸿,  ,  ,00.00,00.00, , ,
300226, 上海钢联,  ,  ,00.00,00.00, , ,
300227,  光韵达,  ,  ,00.00,00.00, , ,
300236, 上海新阳,  ,  ,00.00,00.00, , ,
300238, 冠昊生物,  ,  ,00.00,00.00, , ,
300263, 隆华科技,  ,  ,00.00,00.00, , ,
300264, 佳创视讯,  ,  ,00.00,00.00, , ,
300269, 联建光电,  ,  ,00.00,00.00, , ,
300280, 紫天科技,  ,  ,00.00,00.00, , ,
300284,  苏交科,  ,  ,00.00,00.00, , ,
300285, 国瓷材料,  ,  ,00.00,00.00, , ,
300291, 华录百纳,  ,  ,00.00,00.00, , ,
300307, 慈星股份,  ,  ,00.00,00.00, , ,
300319, 麦捷科技,  ,  ,00.00,00.00, , ,
300327, 中颖电子,  ,  ,00.00,00.00, , ,
300332, 天壕环境,  ,  ,00.00,00.00, , ,
300336,  新文化,  ,  ,00.00,00.00, , ,
300353, 东土科技,  ,  ,00.00,00.00, , ,
300357, 我武生物,  ,  ,00.00,00.00, , ,
300376,  易事特,  ,  ,00.00,00.00, , ,
300379,  东方通,  ,  ,00.00,00.00, , ,
300381,  溢多利,  ,  ,00.00,00.00, , ,
300394, 天孚通信,  ,  ,00.00,00.00, , ,
300398, 飞凯材料,  ,  ,00.00,00.00, , ,
300407, 凯发电气,  ,  ,00.00,00.00, , ,
300408, 三环集团,  ,  ,00.00,00.00, , ,
300410, 正业科技,  ,  ,00.00,00.00, , ,
300414, 中光防雷,  ,  ,00.00,00.00, , ,
300429, 强力新材,  ,  ,00.00,00.00, , ,
300437,  清水源,  ,  ,00.00,00.00, , ,
300443, 金雷股份,  ,  ,00.00,00.00, , ,
300454,  深信服,  ,  ,00.00,00.00, , ,
300474,  景嘉微,  ,  ,00.00,00.00, , ,
300476, 胜宏科技,  ,  ,00.00,00.00, , ,
300478, 杭州高新,  ,  ,00.00,00.00, , ,
300481, 濮阳惠成,  ,  ,00.00,00.00, , ,
300482, 万孚生物,  ,  ,00.00,00.00, , ,
300500, 启迪设计,  ,  ,00.00,00.00, , ,
300502,  新易盛,  ,  ,00.00,00.00, , ,
300512, 中亚股份,  ,  ,00.00,00.00, , ,
300526, 中潜股份,  ,  ,00.00,00.00, , ,
300531,  优博讯,  ,  ,00.00,00.00, , ,
300538, 同益股份,  ,  ,00.00,00.00, , ,
300545, 联得装备,  ,  ,00.00,00.00, , ,
300548, 博创科技,  ,  ,00.00,00.00, , ,
300555, 路通视信,  ,  ,00.00,00.00, , ,
300559, 佳发教育,  ,  ,00.00,00.00, , ,
300602,  飞荣达,  ,  ,00.00,00.00, , ,
300606,  金太阳,  ,  ,00.00,00.00, , ,
300613,  富瀚微,  ,  ,00.00,00.00, , ,
300615, 欣天科技,  ,  ,00.00,00.00, , ,
300624, 万兴科技,  ,  ,00.00,00.00, , ,
300633, 开立医疗,  ,  ,00.00,00.00, , ,
300640, 德艺文创,  ,  ,00.00,00.00, , ,
300653, 正海生物,  ,  ,00.00,00.00, , ,
300657, 弘信电子,  ,  ,00.00,00.00, , ,
300661, 圣邦股份,  ,  ,00.00,00.00, , ,
300662, 科锐国际,  ,  ,00.00,00.00, , ,
300667, 必创科技,  ,  ,00.00,00.00, , ,
300670, 大烨智能,  ,  ,00.00,00.00, , ,
300673, 佩蒂股份,  ,  ,00.00,00.00, , ,
300675,  建科院,  ,  ,00.00,00.00, , ,
300681,  英搏尔,  ,  ,00.00,00.00, , ,
300685, 艾德生物,  ,  ,00.00,00.00, , ,
300693, 盛弘股份,  ,  ,00.00,00.00, , ,
300698, 万马科技,  ,  ,00.00,00.00, , ,
300701, 森霸传感,  ,  ,00.00,00.00, , ,
300710, 万隆光电,  ,  ,00.00,00.00, , ,
300713,  英可瑞,  ,  ,00.00,00.00, , ,
300731, 科创新源,  ,  ,00.00,00.00, , ,
300732,  设研院,  ,  ,00.00,00.00, , ,
300747, 锐科激光,  ,  ,00.00,00.00, , ,
300750, 宁德时代,  ,  ,00.00,00.00, , ,
300760, 迈瑞医疗,  ,  ,00.00,00.00, , ,

#yyyy-mm-dd
600011, 华能国际,  ,  ,00.00,00.00, , ,
600110, 诺德股份,  ,  ,00.00,00.00, , ,
600113, 浙江东日,  ,  ,00.00,00.00, , ,
600157, 永泰能源,  ,  ,00.00,00.00, , ,
600186, 莲花健康,  ,  ,00.00,00.00, , ,
600207, 安彩高科,  ,  ,00.00,00.00, , ,
600210, 紫江企业,  ,  ,00.00,00.00, , ,
600229, 城市传媒,  ,  ,00.00,00.00, , ,
600240, 华业资本,  ,  ,00.00,00.00, , ,
600243, 青海华鼎,  ,  ,00.00,00.00, , ,
600310, 桂东电力,  ,  ,00.00,00.00, , ,
600405,  动力源,  ,  ,00.00,00.00, , ,
600468, 百利电气,  ,  ,00.00,00.00, , ,
600499, 科达洁能,  ,  ,00.00,00.00, , ,
600526, 菲达环保,  ,  ,00.00,00.00, , ,
600531, 豫光金铅,  ,  ,00.00,00.00, , ,
600537, 亿晶光电,  ,  ,00.00,00.00, , ,
600538, 国发股份,  ,  ,00.00,00.00, , ,
600552, 凯盛科技,  ,  ,00.00,00.00, , ,
600560, 金自天正,  ,  ,00.00,00.00, , ,
600645, 中源协和,  ,  ,00.00,00.00, , ,
600675, 中华企业,  ,  ,00.00,00.00, , ,
600693, 东百集团,  ,  ,00.00,00.00, , ,
600698, 湖南天雁,  ,  ,00.00,00.00, , ,
600726, 华电能源,  ,  ,00.00,00.00, , ,
600821,  津劝业,  ,  ,00.00,00.00, , ,
600856, 中天能源,  ,  ,00.00,00.00, , ,
600869, 智慧能源,  ,  ,00.00,00.00, , ,
600884, 杉杉股份,  ,  ,00.00,00.00, , ,
600891, 秋林集团,  ,  ,00.00,00.00, , ,
600892, 大晟文化,  ,  ,00.00,00.00, , ,
600901, 江苏租赁,  ,  ,00.00,00.00, , ,
600929, 湖南盐业,  ,  ,00.00,00.00, , ,
600959, 江苏有线,  ,  ,00.00,00.00, , ,
600973, 宝胜股份,  ,  ,00.00,00.00, , ,
600998,  九州通,  ,  ,00.00,00.00, , ,
601010, 文峰股份,  ,  ,00.00,00.00, , ,
601019, 山东出版,  ,  ,00.00,00.00, , ,
601098, 中南传媒,  ,  ,00.00,00.00, , ,
601113, 华鼎股份,  ,  ,00.00,00.00, , ,
601127, 小康股份,  ,  ,00.00,00.00, , ,
601158, 重庆水务,  ,  ,00.00,00.00, , ,
601222, 林洋能源,  ,  ,00.00,00.00, , ,
601258, 庞大集团,  ,  ,00.00,00.00, , ,
601333, 广深铁路,  ,  ,00.00,00.00, , ,
601608, 中信重工,  ,  ,00.00,00.00, , ,
601619, 嘉泽新能,  ,  ,00.00,00.00, , ,
601789, 宁波建工,  ,  ,00.00,00.00, , ,
601811, 新华文轩,  ,  ,00.00,00.00, , ,
601828,  美凯龙,  ,  ,00.00,00.00, , ,
601928, 凤凰传媒,  ,  ,00.00,00.00, , ,
601929, 吉视传媒,  ,  ,00.00,00.00, , ,
603011, 合锻智能,  ,  ,00.00,00.00, , ,
603018, 中设集团,  ,  ,00.00,00.00, , ,
603022,  新通联,  ,  ,00.00,00.00, , ,
603111, 康尼机电,  ,  ,00.00,00.00, , ,
603178, 圣龙股份,  ,  ,00.00,00.00, , ,
603196, 日播时尚,  ,  ,00.00,00.00, , ,
603320, 迪贝电气,  ,  ,00.00,00.00, , ,
603366, 日出东方,  ,  ,00.00,00.00, , ,
603399, 吉翔股份,  ,  ,00.00,00.00, , ,
603556, 海兴电力,  ,  ,00.00,00.00, , ,
603578, 三星新材,  ,  ,00.00,00.00, , ,
603603, 博天环境,  ,  ,00.00,00.00, , ,
603609, 禾丰牧业,  ,  ,00.00,00.00, , ,
603667, 五洲新春,  ,  ,00.00,00.00, , ,
603693, 江苏新能,  ,  ,00.00,00.00, , ,
603703, 盛洋科技,  ,  ,00.00,00.00, , ,
603728, 鸣志电器,  ,  ,00.00,00.00, , ,
603773, 沃格光电,  ,  ,00.00,00.00, , ,
603856, 东宏股份,  ,  ,00.00,00.00, , ,
603887, 城地股份,  ,  ,00.00,00.00, , ,
000056, 皇庭国际,  ,  ,00.00,00.00, , ,
000400, 许继电气,  ,  ,00.00,00.00, , ,
000513, 丽珠集团,  ,  ,00.00,00.00, , ,
000518, 四环生物,  ,  ,00.00,00.00, , ,
000530, 大冷股份,  ,  ,00.00,00.00, , ,
000533, 顺钠股份,  ,  ,00.00,00.00, , ,
000543, 皖能电力,  ,  ,00.00,00.00, , ,
000587, 金洲慈航,  ,  ,00.00,00.00, , ,
000617, 中油资本,  ,  ,00.00,00.00, , ,
000681, 视觉中国,  ,  ,00.00,00.00, , ,
000695, 滨海能源,  ,  ,00.00,00.00, , ,
000785, 武汉中商,  ,  ,00.00,00.00, , ,
000835, 长城动漫,  ,  ,00.00,00.00, , ,
000859, 国风塑业,  ,  ,00.00,00.00, , ,
000868, 安凯客车,  ,  ,00.00,00.00, , ,
000889, 中嘉博创,  ,  ,00.00,00.00, , ,
000897,*ST津滨,  ,  ,00.00,00.00, , ,
000972, ST中基,  ,  ,00.00,00.00, , ,
001965, 招商公路,  ,  ,00.00,00.00, , ,
002005, 德豪润达,  ,  ,00.00,00.00, , ,
002011, 盾安环境,  ,  ,00.00,00.00, , ,
002028, 思源电气,  ,  ,00.00,00.00, , ,
002031, 巨轮智能,  ,  ,00.00,00.00, , ,
002038, 双鹭药业,  ,  ,00.00,00.00, , ,
002065, 东华软件,  ,  ,00.00,00.00, , ,
002072,  凯瑞德,  ,  ,00.00,00.00, , ,
002075, 沙钢股份,  ,  ,00.00,00.00, , ,
002112, 三变科技,  ,  ,00.00,00.00, , ,
002125, 湘潭电化,  ,  ,00.00,00.00, , ,
002126, 银轮股份,  ,  ,00.00,00.00, , ,
002169, 智光电气,  ,  ,00.00,00.00, , ,
002209,达 意 隆,  ,  ,00.00,00.00, , ,
002218, 拓日新能,  ,  ,00.00,00.00, , ,
002234, 民和股份,  ,  ,00.00,00.00, , ,
002236, 大华股份,  ,  ,00.00,00.00, , ,
002239,  奥特佳,  ,  ,00.00,00.00, , ,
002290, 中科新材,  ,  ,00.00,00.00, , ,
002297, 博云新材,  ,  ,00.00,00.00, , ,
002308, 威创股份,  ,  ,00.00,00.00, , ,
002321, 华英农业,  ,  ,00.00,00.00, , ,
002362, 汉王科技,  ,  ,00.00,00.00, , ,
002404, 嘉欣丝绸,  ,  ,00.00,00.00, , ,
002420, 毅昌股份,  ,  ,00.00,00.00, , ,
002450,ST康得新,  ,  ,00.00,00.00, , ,
002458, 益生股份,  ,  ,00.00,00.00, , ,
002459, 天业通联,  ,  ,00.00,00.00, , ,
002470,  金正大,  ,  ,00.00,00.00, , ,
002472, 双环传动,  ,  ,00.00,00.00, , ,
002498, 汉缆股份,  ,  ,00.00,00.00, , ,
002501, 利源精制,  ,  ,00.00,00.00, , ,
002535, 林州重机,  ,  ,00.00,00.00, , ,
002543, 万和电气,  ,  ,00.00,00.00, , ,
002642,  荣之联,  ,  ,00.00,00.00, , ,
002689, 远大智能,  ,  ,00.00,00.00, , ,
002695,  煌上煌,  ,  ,00.00,00.00, , ,
002739, 万达电影,  ,  ,00.00,00.00, , ,
002746, 仙坛股份,  ,  ,00.00,00.00, , ,
002757, 南兴装备,  ,  ,00.00,00.00, , ,
002795, 永和智控,  ,  ,00.00,00.00, , ,
002848, 高斯贝尔,  ,  ,00.00,00.00, , ,
002859, 洁美科技,  ,  ,00.00,00.00, , ,
002864, 盘龙药业,  ,  ,00.00,00.00, , ,
002866, 传艺科技,  ,  ,00.00,00.00, , ,
002902, 铭普光磁,  ,  ,00.00,00.00, , ,
002922,  伊戈尔,  ,  ,00.00,00.00, , ,
002931, 锋龙股份,  ,  ,00.00,00.00, , ,
002936, 郑州银行,  ,  ,00.00,00.00, , ,
300024,  机器人,  ,  ,00.00,00.00, , ,
300027, 华谊兄弟,  ,  ,00.00,00.00, , ,
300037,  新宙邦,  ,  ,00.00,00.00, , ,
300048, 合康新能,  ,  ,00.00,00.00, , ,
300055,  万邦达,  ,  ,00.00,00.00, , ,
300063, 天龙集团,  ,  ,00.00,00.00, , ,
300068, 南都电源,  ,  ,00.00,00.00, , ,
300090, 盛运环保,  ,  ,00.00,00.00, , ,
300143, 星普医科,  ,  ,00.00,00.00, , ,
300158, 振东制药,  ,  ,00.00,00.00, , ,
300242, 佳云科技,  ,  ,00.00,00.00, , ,
300251, 光线传媒,  ,  ,00.00,00.00, , ,
300259, 新天科技,  ,  ,00.00,00.00, , ,
300277,  海联讯,  ,  ,00.00,00.00, , ,
300278,  华昌达,  ,  ,00.00,00.00, , ,
300294, 博雅生物,  ,  ,00.00,00.00, , ,
300304, 云意电气,  ,  ,00.00,00.00, , ,
300305, 裕兴股份,  ,  ,00.00,00.00, , ,
300313, 天山生物,  ,  ,00.00,00.00, , ,
300328, 宜安科技,  ,  ,00.00,00.00, , ,
300349, 金卡智能,  ,  ,00.00,00.00, , ,
300351, 永贵电器,  ,  ,00.00,00.00, , ,
300355, 蒙草生态,  ,  ,00.00,00.00, , ,
300360, 炬华科技,  ,  ,00.00,00.00, , ,
300365, 恒华科技,  ,  ,00.00,00.00, , ,
300367, 东方网力,  ,  ,00.00,00.00, , ,
300370, 安控科技,  ,  ,00.00,00.00, , ,
300389,  艾比森,  ,  ,00.00,00.00, , ,
300418, 昆仑万维,  ,  ,00.00,00.00, , ,
300432, 富临精工,  ,  ,00.00,00.00, , ,
300457, 赢合科技,  ,  ,00.00,00.00, , ,
300484, 蓝海华腾,  ,  ,00.00,00.00, , ,
300504, 天邑股份,  ,  ,00.00,00.00, , ,
300528, 幸福蓝海,  ,  ,00.00,00.00, , ,
300539, 横河模具,  ,  ,00.00,00.00, , ,
300543, 朗科智能,  ,  ,00.00,00.00, , ,
300551, 古鳌科技,  ,  ,00.00,00.00, , ,
300576, 容大感光,  ,  ,00.00,00.00, , ,
300584, 海辰药业,  ,  ,00.00,00.00, , ,
300600, 瑞特股份,  ,  ,00.00,00.00, , ,
300617, 安靠智电,  ,  ,00.00,00.00, , ,
300619,  金银河,  ,  ,00.00,00.00, , ,
300647,  超频三,  ,  ,00.00,00.00, , ,
300648, 星云股份,  ,  ,00.00,00.00, , ,
300652,  雷迪克,  ,  ,00.00,00.00, , ,
300660, 江苏雷利,  ,  ,00.00,00.00, , ,
300688, 创业黑马,  ,  ,00.00,00.00, , ,
300691, 联合光电,  ,  ,00.00,00.00, , ,
300696,  爱乐达,  ,  ,00.00,00.00, , ,
300730, 科创信息,  ,  ,00.00,00.00, , ,
300748, 金力永磁,  ,  ,00.00,00.00, , ,

#yyyy-mm-dd

#yyyy-mm-dd
600010, 包钢股份,  ,  ,00.00,00.00, , ,
600017,  日照港,  ,  ,00.00,00.00, , ,
600060, 海信电器,  ,  ,00.00,00.00, , ,
600076, 康欣新材,  ,  ,00.00,00.00, , ,
600088, 中视传媒,  ,  ,00.00,00.00, , ,
600108, 亚盛集团,  ,  ,00.00,00.00, , ,
600109, 国金证券,  ,  ,00.00,00.00, , ,
600116, 三峡水利,  ,  ,00.00,00.00, , ,
600118, 中国卫星,  ,  ,00.00,00.00, , ,
600120, 浙江东方,  ,  ,00.00,00.00, , ,
600138,  中青旅,  ,  ,00.00,00.00, , ,
600155, 华创阳安,  ,  ,00.00,00.00, , ,
600167, 联美控股,  ,  ,00.00,00.00, , ,
600175, 美都能源,  ,  ,00.00,00.00, , ,
600206, 有研新材,  ,  ,00.00,00.00, , ,
600230, 沧州大化,  ,  ,00.00,00.00, , ,
600231, 凌钢股份,  ,  ,00.00,00.00, , ,
600239, 云南城投,  ,  ,00.00,00.00, , ,
600259, 广晟有色,  ,  ,00.00,00.00, , ,
600291, 西水股份,  ,  ,00.00,00.00, , ,
600319, 亚星化学,  ,  ,00.00,00.00, , ,
600326, 西藏天路,  ,  ,00.00,00.00, , ,
600330, 天通股份,  ,  ,00.00,00.00, , ,
600336,  澳柯玛,  ,  ,00.00,00.00, , ,
600346, 恒力股份,  ,  ,00.00,00.00, , ,
600356, 恒丰纸业,  ,  ,00.00,00.00, , ,
600378, 天科股份,  ,  ,00.00,00.00, , ,
600392, 盛和资源,  ,  ,00.00,00.00, , ,
600446, 金证股份,  ,  ,00.00,00.00, , ,
600456, 宝钛股份,  ,  ,00.00,00.00, , ,
600482, 中国动力,  ,  ,00.00,00.00, , ,
600486, 扬农化工,  ,  ,00.00,00.00, , ,
600491, 龙元建设,  ,  ,00.00,00.00, , ,
600516, 方大炭素,  ,  ,00.00,00.00, , ,
600525, 长园集团,  ,  ,00.00,00.00, , ,
600532, 宏达矿业,  ,  ,00.00,00.00, , ,
600543, 莫高股份,  ,  ,00.00,00.00, , ,
600556, ST慧球,  ,  ,00.00,00.00, , ,
600558,  大西洋,  ,  ,00.00,00.00, , ,
600563, 法拉电子,  ,  ,00.00,00.00, , ,
600570, 恒生电子,  ,  ,00.00,00.00, , ,
600572,  康恩贝,  ,  ,00.00,00.00, , ,
600581, 八一钢铁,  ,  ,00.00,00.00, , ,
600583, 海油工程,  ,  ,00.00,00.00, , ,
600595, 中孚实业,  ,  ,00.00,00.00, , ,
600602, 云赛智联,  ,  ,00.00,00.00, , ,
600619, 海立股份,  ,  ,00.00,00.00, , ,
600620, 天宸股份,  ,  ,00.00,00.00, , ,
600636,  三爱富,  ,  ,00.00,00.00, , ,
600637, 东方明珠,  ,  ,00.00,00.00, , ,
600664, 哈药股份,  ,  ,00.00,00.00, , ,
600681, 百川能源,  ,  ,00.00,00.00, , ,
600711, 盛屯矿业,  ,  ,00.00,00.00, , ,
600759, 洲际油气,  ,  ,00.00,00.00, , ,
600764, 中国海防,  ,  ,00.00,00.00, , ,
600805, 悦达投资,  ,  ,00.00,00.00, , ,
600816, 安信信托,  ,  ,00.00,00.00, , ,
600829, 人民同泰,  ,  ,00.00,00.00, , ,
600844, 丹化科技,  ,  ,00.00,00.00, , ,
600855, 航天长峰,  ,  ,00.00,00.00, , ,
600870,*ST厦华,  ,  ,00.00,00.00, , ,
600879, 航天电子,  ,  ,00.00,00.00, , ,
600896,*ST海投,  ,  ,00.00,00.00, , ,
600965, 福成股份,  ,  ,00.00,00.00, , ,
600975,  新五丰,  ,  ,00.00,00.00, , ,
600992, 贵绳股份,  ,  ,00.00,00.00, , ,
601000,  唐山港,  ,  ,00.00,00.00, , ,
601100, 恒立液压,  ,  ,00.00,00.00, , ,
601198, 东兴证券,  ,  ,00.00,00.00, , ,
601212, 白银有色,  ,  ,00.00,00.00, , ,
601228,  广州港,  ,  ,00.00,00.00, , ,
601328, 交通银行,  ,  ,00.00,00.00, , ,
601330, 绿色动力,  ,  ,00.00,00.00, , ,
601515, 东风股份,  ,  ,00.00,00.00, , ,
601555, 东吴证券,  ,  ,00.00,00.00, , ,
601606, 长城军工,  ,  ,00.00,00.00, , ,
601677, 明泰铝业,  ,  ,00.00,00.00, , ,
601678, 滨化股份,  ,  ,00.00,00.00, , ,
601718, 际华集团,  ,  ,00.00,00.00, , ,
601801, 皖新传媒,  ,  ,00.00,00.00, , ,
601857, 中国石油,  ,  ,00.00,00.00, , ,
601880,  大连港,  ,  ,00.00,00.00, , ,
601890, 亚星锚链,  ,  ,00.00,00.00, , ,
601901, 方正证券,  ,  ,00.00,00.00, , ,
601952, 苏垦农发,  ,  ,00.00,00.00, , ,
601969, 海南矿业,  ,  ,00.00,00.00, , ,
601992, 金隅集团,  ,  ,00.00,00.00, , ,
603000,  人民网,  ,  ,00.00,00.00, , ,
603002, 宏昌电子,  ,  ,00.00,00.00, , ,
603016,  新宏泰,  ,  ,00.00,00.00, , ,
603050, 科林电气,  ,  ,00.00,00.00, , ,
603058, 永吉股份,  ,  ,00.00,00.00, , ,
603059,  倍加洁,  ,  ,00.00,00.00, , ,
603076, 乐惠国际,  ,  ,00.00,00.00, , ,
603078,  江化微,  ,  ,00.00,00.00, , ,
603080, 新疆火炬,  ,  ,00.00,00.00, , ,
603086, 先达股份,  ,  ,00.00,00.00, , ,
603099,  长白山,  ,  ,00.00,00.00, , ,
603101, 汇嘉时代,  ,  ,00.00,00.00, , ,
603106, 恒银金融,  ,  ,00.00,00.00, , ,
603110, 东方材料,  ,  ,00.00,00.00, , ,
603118, 共进股份,  ,  ,00.00,00.00, , ,
603128, 华贸物流,  ,  ,00.00,00.00, , ,
603133, 碳元科技,  ,  ,00.00,00.00, , ,
603136,  天目湖,  ,  ,00.00,00.00, , ,
603192, 汇得科技,  ,  ,00.00,00.00, , ,
603260, 合盛硅业,  ,  ,00.00,00.00, , ,
603266, 天龙股份,  ,  ,00.00,00.00, , ,
603269, 海鸥股份,  ,  ,00.00,00.00, , ,
603301, 振德医疗,  ,  ,00.00,00.00, , ,
603338, 浙江鼎力,  ,  ,00.00,00.00, , ,
603360, 百傲化学,  ,  ,00.00,00.00, , ,
603369,  今世缘,  ,  ,00.00,00.00, , ,
603377, 东方时尚,  ,  ,00.00,00.00, , ,
603383, 顶点软件,  ,  ,00.00,00.00, , ,
603385, 惠达卫浴,  ,  ,00.00,00.00, , ,
603386, 广东骏亚,  ,  ,00.00,00.00, , ,
603536, 惠发股份,  ,  ,00.00,00.00, , ,
603607, 京华激光,  ,  ,00.00,00.00, , ,
603618, 杭电股份,  ,  ,00.00,00.00, , ,
603677, 奇精机械,  ,  ,00.00,00.00, , ,
603686, 龙马环卫,  ,  ,00.00,00.00, , ,
603689, 皖天然气,  ,  ,00.00,00.00, , ,
603701, 德宏股份,  ,  ,00.00,00.00, , ,
603712,  七一二,  ,  ,00.00,00.00, , ,
603722,  阿科力,  ,  ,00.00,00.00, , ,
603725, 天安新材,  ,  ,00.00,00.00, , ,
603790, 雅运股份,  ,  ,00.00,00.00, , ,
603797, 联泰环保,  ,  ,00.00,00.00, , ,
603822, 嘉澳环保,  ,  ,00.00,00.00, , ,
603848,  好太太,  ,  ,00.00,00.00, , ,
603859, 能科股份,  ,  ,00.00,00.00, , ,
603876, 鼎胜新材,  ,  ,00.00,00.00, , ,
603879, 永悦科技,  ,  ,00.00,00.00, , ,
603896,  寿仙谷,  ,  ,00.00,00.00, , ,
603908,  牧高笛,  ,  ,00.00,00.00, , ,
603909, 合诚股份,  ,  ,00.00,00.00, , ,
603928, 兴业股份,  ,  ,00.00,00.00, , ,
603937, 丽岛新材,  ,  ,00.00,00.00, , ,
603938, 三孚股份,  ,  ,00.00,00.00, , ,
603991, 至正股份,  ,  ,00.00,00.00, , ,
000012, 南 玻Ａ,  ,  ,00.00,00.00, , ,
000014, 沙河股份,  ,  ,00.00,00.00, , ,
000151, 中成股份,  ,  ,00.00,00.00, , ,
000156, 华数传媒,  ,  ,00.00,00.00, , ,
000401, 冀东水泥,  ,  ,00.00,00.00, , ,
000403, 振兴生化,  ,  ,00.00,00.00, , ,
000408, 藏格控股,  ,  ,00.00,00.00, , ,
000420, 吉林化纤,  ,  ,00.00,00.00, , ,
000519, 中兵红箭,  ,  ,00.00,00.00, , ,
000525,红 太 阳,  ,  ,00.00,00.00, , ,
000529, 广弘控股,  ,  ,00.00,00.00, , ,
000537, 广宇发展,  ,  ,00.00,00.00, , ,
000554, 泰山石油,  ,  ,00.00,00.00, , ,
000563, 陕国投Ａ,  ,  ,00.00,00.00, , ,
000593, 大通燃气,  ,  ,00.00,00.00, , ,
000608, 阳光股份,  ,  ,00.00,00.00, , ,
000612, 焦作万方,  ,  ,00.00,00.00, , ,
000637, 茂化实华,  ,  ,00.00,00.00, , ,
000655,*ST金岭,  ,  ,00.00,00.00, , ,
000667, 美好置业,  ,  ,00.00,00.00, , ,
000682, 东方电子,  ,  ,00.00,00.00, , ,
000686, 东北证券,  ,  ,00.00,00.00, , ,
000687, 华讯方舟,  ,  ,00.00,00.00, , ,
000688, 国城矿业,  ,  ,00.00,00.00, , ,
000692, 惠天热电,  ,  ,00.00,00.00, , ,
000701, 厦门信达,  ,  ,00.00,00.00, , ,
000712, 锦龙股份,  ,  ,00.00,00.00, , ,
000715, 中兴商业,  ,  ,00.00,00.00, , ,
000721, 西安饮食,  ,  ,00.00,00.00, , ,
000722, 湖南发展,  ,  ,00.00,00.00, , ,
000752, 西藏发展,  ,  ,00.00,00.00, , ,
000768, 中航飞机,  ,  ,00.00,00.00, , ,
000776, 广发证券,  ,  ,00.00,00.00, , ,
000783, 长江证券,  ,  ,00.00,00.00, , ,
000791, 甘肃电投,  ,  ,00.00,00.00, , ,
000795,  英洛华,  ,  ,00.00,00.00, , ,
000803, 金宇车城,  ,  ,00.00,00.00, , ,
000807, 云铝股份,  ,  ,00.00,00.00, , ,
000813, 德展健康,  ,  ,00.00,00.00, , ,
000830, 鲁西化工,  ,  ,00.00,00.00, , ,
000831, 五矿稀土,  ,  ,00.00,00.00, , ,
000852, 石化机械,  ,  ,00.00,00.00, , ,
000861, 海印股份,  ,  ,00.00,00.00, , ,
000877, 天山股份,  ,  ,00.00,00.00, , ,
000888, 峨眉山Ａ,  ,  ,00.00,00.00, , ,
000913, 钱江摩托,  ,  ,00.00,00.00, , ,
000923, 河北宣工,  ,  ,00.00,00.00, , ,
000925, 众合科技,  ,  ,00.00,00.00, , ,
000935, 四川双马,  ,  ,00.00,00.00, , ,
000965, 天保基建,  ,  ,00.00,00.00, , ,
000981, 银亿股份,  ,  ,00.00,00.00, , ,
000987, 越秀金控,  ,  ,00.00,00.00, , ,
002008, 大族激光,  ,  ,00.00,00.00, , ,
002012, 凯恩股份,  ,  ,00.00,00.00, , ,
002013, 中航机电,  ,  ,00.00,00.00, , ,
002044, 美年健康,  ,  ,00.00,00.00, , ,
002081,金 螳 螂,  ,  ,00.00,00.00, , ,
002100, 天康生物,  ,  ,00.00,00.00, , ,
002104, 恒宝股份,  ,  ,00.00,00.00, , ,
002157, 正邦科技,  ,  ,00.00,00.00, , ,
002167, 东方锆业,  ,  ,00.00,00.00, , ,
002178, 延华智能,  ,  ,00.00,00.00, , ,
002182, 云海金属,  ,  ,00.00,00.00, , ,
002224,三 力 士,  ,  ,00.00,00.00, , ,
002225, 濮耐股份,  ,  ,00.00,00.00, , ,
002226, 江南化工,  ,  ,00.00,00.00, , ,
002228, 合兴包装,  ,  ,00.00,00.00, , ,
002240, 威华股份,  ,  ,00.00,00.00, , ,
002246, 北化股份,  ,  ,00.00,00.00, , ,
002265, 西仪股份,  ,  ,00.00,00.00, , ,
002267, 陕天然气,  ,  ,00.00,00.00, , ,
002295, 精艺股份,  ,  ,00.00,00.00, , ,
002302, 西部建设,  ,  ,00.00,00.00, , ,
002307, 北新路桥,  ,  ,00.00,00.00, , ,
002310, 东方园林,  ,  ,00.00,00.00, , ,
002315, 焦点科技,  ,  ,00.00,00.00, , ,
002336,  人人乐,  ,  ,00.00,00.00, , ,
002338, 奥普光电,  ,  ,00.00,00.00, , ,
002352, 顺丰控股,  ,  ,00.00,00.00, , ,
002353, 杰瑞股份,  ,  ,00.00,00.00, , ,
002378, 章源钨业,  ,  ,00.00,00.00, , ,
002389, 航天彩虹,  ,  ,00.00,00.00, , ,
002408, 齐翔腾达,  ,  ,00.00,00.00, , ,
002409, 雅克科技,  ,  ,00.00,00.00, , ,
002415, 海康威视,  ,  ,00.00,00.00, , ,
002423, 中原特钢,  ,  ,00.00,00.00, , ,
002457, 青龙管业,  ,  ,00.00,00.00, , ,
002460, 赣锋锂业,  ,  ,00.00,00.00, , ,
002461, 珠江啤酒,  ,  ,00.00,00.00, , ,
002466, 天齐锂业,  ,  ,00.00,00.00, , ,
002467,  二六三,  ,  ,00.00,00.00, , ,
002489, 浙江永强,  ,  ,00.00,00.00, , ,
002505, 大康农业,  ,  ,00.00,00.00, , ,
002513, 蓝丰生化,  ,  ,00.00,00.00, , ,
002514, 宝馨科技,  ,  ,00.00,00.00, , ,
002528,  英飞拓,  ,  ,00.00,00.00, , ,
002538,  司尔特,  ,  ,00.00,00.00, , ,
002545, 东方铁塔,  ,  ,00.00,00.00, , ,
002546, 新联电子,  ,  ,00.00,00.00, , ,
002548,  金新农,  ,  ,00.00,00.00, , ,
002549, 凯美特气,  ,  ,00.00,00.00, , ,
002559, 亚威股份,  ,  ,00.00,00.00, , ,
002565, 顺灏股份,  ,  ,00.00,00.00, , ,
002576, 通达动力,  ,  ,00.00,00.00, , ,
002579, 中京电子,  ,  ,00.00,00.00, , ,
002592, 八菱科技,  ,  ,00.00,00.00, , ,
002621, 三垒股份,  ,  ,00.00,00.00, , ,
002633, 申科股份,  ,  ,00.00,00.00, , ,
002640,  跨境通,  ,  ,00.00,00.00, , ,
002643, 万润股份,  ,  ,00.00,00.00, , ,
002648, 卫星石化,  ,  ,00.00,00.00, , ,
002652, 扬子新材,  ,  ,00.00,00.00, , ,
002653,  海思科,  ,  ,00.00,00.00, , ,
002668, 奥马电器,  ,  ,00.00,00.00, , ,
002670, 国盛金控,  ,  ,00.00,00.00, , ,
002674, 兴业科技,  ,  ,00.00,00.00, , ,
002679, 福建金森,  ,  ,00.00,00.00, , ,
002685, 华东重机,  ,  ,00.00,00.00, , ,
002690, 美亚光电,  ,  ,00.00,00.00, , ,
002691, 冀凯股份,  ,  ,00.00,00.00, , ,
002709, 天赐材料,  ,  ,00.00,00.00, , ,
002724,  海洋王,  ,  ,00.00,00.00, , ,
002725, 跃岭股份,  ,  ,00.00,00.00, , ,
002731, 萃华珠宝,  ,  ,00.00,00.00, , ,
002733, 雄韬股份,  ,  ,00.00,00.00, , ,
002737, 葵花药业,  ,  ,00.00,00.00, , ,
002753, 永东股份,  ,  ,00.00,00.00, , ,
002760, 凤形股份,  ,  ,00.00,00.00, , ,
002781, 奇信股份,  ,  ,00.00,00.00, , ,
002789, 建艺集团,  ,  ,00.00,00.00, , ,
002809, 红墙股份,  ,  ,00.00,00.00, , ,
002811, 亚泰国际,  ,  ,00.00,00.00, , ,
002827, 高争民爆,  ,  ,00.00,00.00, , ,
002828, 贝肯能源,  ,  ,00.00,00.00, , ,
002839, 张家港行,  ,  ,00.00,00.00, , ,
002840, 华统股份,  ,  ,00.00,00.00, , ,
002856, 美芝股份,  ,  ,00.00,00.00, , ,
002865, 钧达股份,  ,  ,00.00,00.00, , ,
002877, 智能自控,  ,  ,00.00,00.00, , ,
002886, 沃特股份,  ,  ,00.00,00.00, , ,
002893, 华通热力,  ,  ,00.00,00.00, , ,
002906, 华阳集团,  ,  ,00.00,00.00, , ,
002909, 集泰股份,  ,  ,00.00,00.00, , ,
002910, 庄园牧场,  ,  ,00.00,00.00, , ,
002917,  金奥博,  ,  ,00.00,00.00, , ,
002921, 联诚精密,  ,  ,00.00,00.00, , ,
002933, 新兴装备,  ,  ,00.00,00.00, , ,
002941, 新疆交建,  ,  ,00.00,00.00, , ,
300020, 银江股份,  ,  ,00.00,00.00, , ,
300033,  同花顺,  ,  ,00.00,00.00, , ,
300054, 鼎龙股份,  ,  ,00.00,00.00, , ,
300061, 康旗股份,  ,  ,00.00,00.00, , ,
300067,  安诺其,  ,  ,00.00,00.00, , ,
300070,  碧水源,  ,  ,00.00,00.00, , ,
300085,  银之杰,  ,  ,00.00,00.00, , ,
300094, 国联水产,  ,  ,00.00,00.00, , ,
300102, 乾照光电,  ,  ,00.00,00.00, , ,
300103, 达刚路机,  ,  ,00.00,00.00, , ,
300107, 建新股份,  ,  ,00.00,00.00, , ,
300112, 万讯自控,  ,  ,00.00,00.00, , ,
300124, 汇川技术,  ,  ,00.00,00.00, , ,
300132, 青松股份,  ,  ,00.00,00.00, , ,
300150, 世纪瑞尔,  ,  ,00.00,00.00, , ,
300161, 华中数控,  ,  ,00.00,00.00, , ,
300197, 铁汉生态,  ,  ,00.00,00.00, , ,
300221, 银禧科技,  ,  ,00.00,00.00, , ,
300228, 富瑞特装,  ,  ,00.00,00.00, , ,
300247, 融捷健康,  ,  ,00.00,00.00, , ,
300257, 开山股份,  ,  ,00.00,00.00, , ,
300272, 开能健康,  ,  ,00.00,00.00, , ,
300274, 阳光电源,  ,  ,00.00,00.00, , ,
300281, 金明精机,  ,  ,00.00,00.00, , ,
300309, 吉艾科技,  ,  ,00.00,00.00, , ,
300325, 德威新材,  ,  ,00.00,00.00, , ,
300334, 津膜科技,  ,  ,00.00,00.00, , ,
300337, 银邦股份,  ,  ,00.00,00.00, , ,
300374, 恒通科技,  ,  ,00.00,00.00, , ,
300380, 安硕信息,  ,  ,00.00,00.00, , ,
300383, 光环新网,  ,  ,00.00,00.00, , ,
300399,  京天利,  ,  ,00.00,00.00, , ,
300404, 博济医药,  ,  ,00.00,00.00, , ,
300416, 苏试试验,  ,  ,00.00,00.00, , ,
300419, 浩丰科技,  ,  ,00.00,00.00, , ,
300428, 四通新材,  ,  ,00.00,00.00, , ,
300444, 双杰电气,  ,  ,00.00,00.00, , ,
300448, 浩云科技,  ,  ,00.00,00.00, , ,
300459, 金科文化,  ,  ,00.00,00.00, , ,
300460, 惠伦晶体,  ,  ,00.00,00.00, , ,
300468, 四方精创,  ,  ,00.00,00.00, , ,
300473, 德尔股份,  ,  ,00.00,00.00, , ,
300486, 东杰智能,  ,  ,00.00,00.00, , ,
300488, 恒锋工具,  ,  ,00.00,00.00, , ,
300490, 华自科技,  ,  ,00.00,00.00, , ,
300497, 富祥股份,  ,  ,00.00,00.00, , ,
300503, 昊志机电,  ,  ,00.00,00.00, , ,
300507, 苏奥传感,  ,  ,00.00,00.00, , ,
300515, 三德科技,  ,  ,00.00,00.00, , ,
300522, 世名科技,  ,  ,00.00,00.00, , ,
300525, 博思软件,  ,  ,00.00,00.00, , ,
300529, 健帆生物,  ,  ,00.00,00.00, , ,
300541, 先进数通,  ,  ,00.00,00.00, , ,
300542, 新晨科技,  ,  ,00.00,00.00, , ,
300563, 神宇股份,  ,  ,00.00,00.00, , ,
300567, 精测电子,  ,  ,00.00,00.00, , ,
300575, 中旗股份,  ,  ,00.00,00.00, , ,
300578, 会畅通讯,  ,  ,00.00,00.00, , ,
300580,  贝斯特,  ,  ,00.00,00.00, , ,
300582,  英飞特,  ,  ,00.00,00.00, , ,
300583, 赛托生物,  ,  ,00.00,00.00, , ,
300585, 奥联电子,  ,  ,00.00,00.00, , ,
300589, 江龙船艇,  ,  ,00.00,00.00, , ,
300603, 立昂技术,  ,  ,00.00,00.00, , ,
300610, 晨化股份,  ,  ,00.00,00.00, , ,
300618, 寒锐钴业,  ,  ,00.00,00.00, , ,
300635, 达安股份,  ,  ,00.00,00.00, , ,
300637, 扬帆新材,  ,  ,00.00,00.00, , ,
300644, 南京聚隆,  ,  ,00.00,00.00, , ,
300655, 晶瑞股份,  ,  ,00.00,00.00, , ,
300658, 延江股份,  ,  ,00.00,00.00, , ,
300679, 电连技术,  ,  ,00.00,00.00, , ,
300686,  智动力,  ,  ,00.00,00.00, , ,
300695, 兆丰股份,  ,  ,00.00,00.00, , ,
300715, 凯伦股份,  ,  ,00.00,00.00, , ,
300719, 安达维尔,  ,  ,00.00,00.00, , ,
300721, 怡达股份,  ,  ,00.00,00.00, , ,
300722, 新余国科,  ,  ,00.00,00.00, , ,
300737, 科顺股份,  ,  ,00.00,00.00, , ,
300740,  御家汇,  ,  ,00.00,00.00, , ,
300746, 汉嘉设计,  ,  ,00.00,00.00, , ,
300749, 顶固集创,  ,  ,00.00,00.00, , ,

#yyyy-mm-dd

#yyyy-mm-dd
002147, ST新光,  ,  ,00.00,00.00, , ,

#yyyy-mm-dd
000150, 宜华健康,  ,  ,00.00,00.00, , ,
002252, 上海莱士,  ,  ,00.00,00.00, , ,
300423,  鲁亿通,  ,  ,00.00,00.00, , ,

#yyyy-mm-dd

#yyyy-mm-dd

#yyyy-mm-dd
600438, 通威股份,  ,  ,00.00,00.00, , ,
600694, 大商股份,  ,  ,00.00,00.00, , ,
600807,*ST天业,  ,  ,00.00,00.00, , ,
600809, 山西汾酒,  ,  ,00.00,00.00, , ,
603345, 安井食品,  ,  ,00.00,00.00, , ,
000638, 万方发展,  ,  ,00.00,00.00, , ,
000799,  酒鬼酒,  ,  ,00.00,00.00, , ,
000910, 大亚圣象,  ,  ,00.00,00.00, , ,
002018,*ST华信,  ,  ,00.00,00.00, , ,
002304, 洋河股份,  ,  ,00.00,00.00, , ,
002661, 克明面业,  ,  ,00.00,00.00, , ,
002888, 惠威科技,  ,  ,00.00,00.00, , ,
300451, 创业慧康,  ,  ,00.00,00.00, , ,
300508, 维宏股份,  ,  ,00.00,00.00, , ,
300517, 海波重科,  ,  ,00.00,00.00, , ,

#yyyy-mm-dd
600056, 中国医药,  ,  ,00.00,00.00, , ,
600063, 皖维高新,  ,  ,00.00,00.00, , ,
600086, 东方金钰,  ,  ,00.00,00.00, , ,
600241, 时代万恒,  ,  ,00.00,00.00, , ,
600260, 凯乐科技,  ,  ,00.00,00.00, , ,
600272, 开开实业,  ,  ,00.00,00.00, , ,
600305, 恒顺醋业,  ,  ,00.00,00.00, , ,
600309, 万华化学,  ,  ,00.00,00.00, , ,
600318, 新力金融,  ,  ,00.00,00.00, , ,
600323, 瀚蓝环境,  ,  ,00.00,00.00, , ,
600426, 华鲁恒升,  ,  ,00.00,00.00, , ,
600436,  片仔癀,  ,  ,00.00,00.00, , ,
600559, 老白干酒,  ,  ,00.00,00.00, , ,
600634,*ST富控,  ,  ,00.00,00.00, , ,
600690, 青岛海尔,  ,  ,00.00,00.00, , ,
600702, 舍得酒业,  ,  ,00.00,00.00, , ,
600707, 彩虹股份,  ,  ,00.00,00.00, , ,
600754, 锦江股份,  ,  ,00.00,00.00, , ,
600779,  水井坊,  ,  ,00.00,00.00, , ,
601225, 陕西煤业,  ,  ,00.00,00.00, , ,
603177, 德创环保,  ,  ,00.00,00.00, , ,
603188, 亚邦股份,  ,  ,00.00,00.00, , ,
603198, 迎驾贡酒,  ,  ,00.00,00.00, , ,
603336, 宏辉果蔬,  ,  ,00.00,00.00, , ,
603367, 辰欣药业,  ,  ,00.00,00.00, , ,
603466,  风语筑,  ,  ,00.00,00.00, , ,
603566,  普莱柯,  ,  ,00.00,00.00, , ,
603589,  口子窖,  ,  ,00.00,00.00, , ,
603590, 康辰药业,  ,  ,00.00,00.00, , ,
603601, 再升科技,  ,  ,00.00,00.00, , ,
603605,  珀莱雅,  ,  ,00.00,00.00, , ,
603676,  卫信康,  ,  ,00.00,00.00, , ,
603688, 石英股份,  ,  ,00.00,00.00, , ,
603706, 东方环宇,  ,  ,00.00,00.00, , ,
603839, 安正时尚,  ,  ,00.00,00.00, , ,
000002, 万 科Ａ,  ,  ,00.00,00.00, , ,
000028, 国药一致,  ,  ,00.00,00.00, , ,
000501, 鄂武商Ａ,  ,  ,00.00,00.00, , ,
000560, 我爱我家,  ,  ,00.00,00.00, , ,
000567, 海德股份,  ,  ,00.00,00.00, , ,
000703, 恒逸石化,  ,  ,00.00,00.00, , ,
000739, 普洛药业,  ,  ,00.00,00.00, , ,
000786, 北新建材,  ,  ,00.00,00.00, , ,
000789,  万年青,  ,  ,00.00,00.00, , ,
000902,  新洋丰,  ,  ,00.00,00.00, , ,
000921, 海信家电,  ,  ,00.00,00.00, , ,
000928, 中钢国际,  ,  ,00.00,00.00, , ,
002007, 华兰生物,  ,  ,00.00,00.00, , ,
002032,苏 泊 尔,  ,  ,00.00,00.00, , ,
002107, 沃华医药,  ,  ,00.00,00.00, , ,
002109, 兴化股份,  ,  ,00.00,00.00, , ,
002123, 梦网集团,  ,  ,00.00,00.00, , ,
002129, 中环股份,  ,  ,00.00,00.00, , ,
002137, 麦达数字,  ,  ,00.00,00.00, , ,
002184, 海得控制,  ,  ,00.00,00.00, , ,
002214, 大立科技,  ,  ,00.00,00.00, , ,
002258, 利尔化学,  ,  ,00.00,00.00, , ,
002428, 云南锗业,  ,  ,00.00,00.00, , ,
002432, 九安医疗,  ,  ,00.00,00.00, , ,
002440, 闰土股份,  ,  ,00.00,00.00, , ,
002462,  嘉事堂,  ,  ,00.00,00.00, , ,
002478, 常宝股份,  ,  ,00.00,00.00, , ,
002562, 兄弟科技,  ,  ,00.00,00.00, , ,
002599, 盛通股份,  ,  ,00.00,00.00, , ,
002625, 光启技术,  ,  ,00.00,00.00, , ,
002632, 道明光学,  ,  ,00.00,00.00, , ,
002637, 赞宇科技,  ,  ,00.00,00.00, , ,
002656, 摩登大道,  ,  ,00.00,00.00, , ,
002677, 浙江美大,  ,  ,00.00,00.00, , ,
002705, 新宝股份,  ,  ,00.00,00.00, , ,
002738, 中矿资源,  ,  ,00.00,00.00, , ,
002749, 国光股份,  ,  ,00.00,00.00, , ,
002755,  奥赛康,  ,  ,00.00,00.00, , ,
002778, 高科石化,  ,  ,00.00,00.00, , ,
002815, 崇达技术,  ,  ,00.00,00.00, , ,
002832, 比音勒芬,  ,  ,00.00,00.00, , ,
002842, 翔鹭钨业,  ,  ,00.00,00.00, , ,
002852,  道道全,  ,  ,00.00,00.00, , ,
002895, 川恒股份,  ,  ,00.00,00.00, , ,
002898, 赛隆药业,  ,  ,00.00,00.00, , ,
002942, 新农股份,  ,  ,00.00,00.00, , ,
300003, 乐普医疗,  ,  ,00.00,00.00, , ,
300137, 先河环保,  ,  ,00.00,00.00, , ,
300149, 量子生物,  ,  ,00.00,00.00, , ,
300190,  维尔利,  ,  ,00.00,00.00, , ,
300214, 日科化学,  ,  ,00.00,00.00, , ,
300225,  金力泰,  ,  ,00.00,00.00, , ,
300253, 卫宁健康,  ,  ,00.00,00.00, , ,
300290, 荣科科技,  ,  ,00.00,00.00, , ,
300452, 山河药辅,  ,  ,00.00,00.00, , ,
300453, 三鑫医疗,  ,  ,00.00,00.00, , ,
300464, 星徽精密,  ,  ,00.00,00.00, , ,
300475, 聚隆科技,  ,  ,00.00,00.00, , ,
300480, 光力科技,  ,  ,00.00,00.00, , ,
300485, 赛升药业,  ,  ,00.00,00.00, , ,
300616, 尚品宅配,  ,  ,00.00,00.00, , ,
300642, 透景生命,  ,  ,00.00,00.00, , ,

#yyyy-mm-dd
