600053
600086
600088
600089
600107
600128
600129
600131
600137
600146
600191
600238
600249
600258
600268
600278
600279
600288
600297
600302
600305
600310
600325
600343
600375
600383
600423
600439
600448
600463
600466
600509
600532
600550
600552
600580
600592
600596
600604
600610
600622
600648
600652
600657
600687
600689
600692
600703
600729
600730
600749
600753
600791
600807
600818
600836
600841
600871
600890
600891
600895
600975
600984
601008
601028
601107
601155
601689
601700
601882
603000
603021
603060
603069
603106
603177
603192
603197
603278
603313
603319
603348
603357
603389
603577
603587
603599
603619
603628
603655
603696
603707
603730
603737
603829
603833
603871
603876
603877
603882
603898
603929
603960
603966
603987
000004
000023
000038
000040
000042
000058
000068
000159
000400
000411
000426
000504
000526
000536
000550
000558
000560
000563
000564
000565
000571
000599
000600
000606
000607
000613
000622
000625
000638
000671
000678
000681
000710
000711
000732
000735
000752
000757
000779
000785
000798
000806
000818
000820
000836
000859
000876
000921
000939
000948
000961
000981
000996
002025
002041
002071
002072
002079
002100
002103
002113
002121
002125
002131
002143
002146
002147
002157
002164
002175
002180
002189
002212
002218
002235
002247
002268
002289
002294
002306
002348
002356
002367
002370
002385
002407
002410
002417
002423
002425
002439
002447
002458
002482
002503
002517
002518
002531
002563
002575
002581
002590
002596
002600
002633
002636
002638
002642
002651
002660
002662
002668
002692
002696
002709
002712
002713
002714
002731
002741
002748
002766
002768
002769
002777
002805
002806
002813
002835
002840
002857
002863
002876
002878
002920
002922
002927
002941
002943
300006
300013
300017
300023
300043
300061
300076
300079
300085
300096
300104
300118
300128
300129
300139
300152
300158
300171
300175
300176
300188
300216
300223
300244
300270
300271
300277
300311
300331
300356
300364
300423
300445
300447
300453
300464
300472
300474
300484
300498
300509
300525
300536
300542
300545
300550
300566
300571
300579
300585
300586
300601
300604
300612
300627
300631
300654
300657
300669
300673
300676
300688
300690
300695
300715
300717
300723
300740
300741
