1600596
1603638
0000818
0002032
0002372
0002338
1603929
1600146
1600288
0002093
1600298
0002691
0002021
0002848
0002006
1603378
0000062
0002802
0002899
1601688
0002883
0002913
1600776
1600888
0002146
1601211
1601233
0000789
0002304
1600426
1601225
0000528
0000932
1600237
1600398
1600282
1600664
1600803
1603589
0000001
0000651
0000821
0000858
0000898
0002097
0002391
1600182
1600389
1600603
1600740
1600782
1600808
1601012
1601229
1601566
0000425
0000633
0002218
0002631
1600362
0000726
1600497
0002120
0002529
0002626
1600846
0000521
0000728
0000837
0002071
0002258
1600841
0000936
0002025
1603017
1603396
0000058
0002630
