#05-06
600135
600677
600973
000733
600536
601919
600026
600115
000969
600560
000550
002189
002368
603986

#05-07
002423
600135
600677
002190
600469
002080
600313
600562
603160

#05-08
600135
600855
600099
600469
600198
600313
000550
603160


#05-09
600737
002423
000777
300446
600677
600501
000547
600855
000050
002163
300114
600523
600316
600862
600973
600184
600435
000519
600171
000021
000727
000733
600536
000066
600707
000800
000927
002232
600335
600444
600710
600875
600058
300140
300034
000969
600552
000877
603126
002080
000962
600206
600375
600198
600195
600313
000016
000550
600178
002189
002265
600071
600850
600990
002268
002368
002544
600562
002217
000989
603005
603986
002156
300604
600667
600703
300672

