000016
000027
000030
000055
000088
000089
000157
000423
000426
000429
000537
000543
000548
000567
000603
000657
000665
000711
000776
000777
000825
000881
000919
000960
000962
000965
002040
002095
002124
002171
002223
002353
002385
002445
002560
002707
600016
600017
600023
600054
600059
600085
600128
600170
600180
600182
600190
600320
600322
600350
600368
600380
600395
600398
600470
600479
600489
600551
600589
600611
600612
600623
600624
600633
600642
600707
600717
600730
600757
600789
600967
601107
601158
601169
601179
601518
601886
601985
601989
603009
603085
603456
603788
