#2018-02-09
000576
002010
002251
002512
002517
002596
002666
002742
600227
600507
601600
603889
#2018-02-14
000528
000681
000825
002258
002336
002376
002543
002644
002727
600588
600593
600661
600695
600789
600810
600845
#2018-02-23
000656
000932
002078
002124
002142
002203
002359
002440
600029
600348
600398
600566
600596
601111
601360
601888
603025
603555
603799
#2018-03-02， 删掉原因,如何跟踪,
000301,hs太低
000673,
000989
002095
002327
002419
002493
002563
002601
002630
002645
002668
002737
600009
600104
600273
600439
600868
601678
603899
